""	"old_leaf"	"root"	"young_leaf"
"1"	827	52	661
"2"	0	31	2
"3"	161	3244	189
"4"	0	68	15
"5"	18	17	68
"6"	0	46	0
"7"	0	811	0
"8"	0	31	3
"9"	17	49	42
"10"	0	125	0
"11"	3790	0	0
"12"	0	189	0
"13"	5	9	9
"14"	2	200	4
"15"	2	7	21
"16"	43	8	28
"17"	165	9	57
"18"	25	386	205
"19"	0	0	0
"20"	28	51	40
"21"	647	2	872
"22"	205	323	504
"23"	0	0	0
"24"	0	3	0
"25"	21	1016	14
"26"	11	49	28
"27"	4	276	16
"28"	493	99	472
"29"	87	43	55
"30"	0	3	0
"31"	0	311	0
"32"	0	76	4
"33"	203	0	76
"34"	93	67	581
"35"	24	2161	61
"36"	40	40	116
"37"	11	0	156
"38"	20	5	536
"39"	0	0	0
"40"	0	264	0
"41"	239	15	7
"42"	18	0	532
"43"	4	699	7
"44"	0	2605	0
"45"	100	3	109
"46"	11	119	14
"47"	2	424	13
"48"	4	2	21
"49"	0	98	0
"50"	69	0	5
"51"	23	10	16
"52"	10	33	33
"53"	3	232	7
"54"	15	78	40
"55"	0	0	0
"56"	0	85	0
"57"	64	10630	160
"58"	10070	11105	21458
"59"	11	9	707
"60"	0	4	0
"61"	127	12	10
"62"	8	2815	2
"63"	67424	172	15989
"64"	112	95	83
"65"	0	1847	0
"66"	0	197	0
"67"	0	0	95
"68"	0	135	0
"69"	0	2	3
"70"	0	0	0
"71"	17	8	25
"72"	5	15	115
"73"	0	4	0
"74"	10	20	61
"75"	951	953	1345
"76"	46	240	193
"77"	4	1577	5
"78"	0	101	3
"79"	8	945	187
"80"	141	44	45
"81"	0	0	0
"82"	0	0	0
"83"	2	52	6
"84"	2	0	124
"85"	0	8	0
"86"	3	683	8
"87"	219	3	0
"88"	149	5	108
"89"	244	4077	1117
"90"	0	77	4
"91"	6	987	149
"92"	4	65	0
"93"	5	251	38
"94"	67	3	24
"95"	4	134	0
"96"	363	44	38
"97"	0	11	0
"98"	6	104	29
"99"	4	572	0
"100"	0	190	0
"101"	4	0	166
"102"	0	133	0
"103"	145	0	15
"104"	0	172	0
"105"	136	27	200
"106"	16	30	73
"107"	0	0	0
"108"	74	37	6
"109"	113	8	114
"110"	240	2	18
"111"	0	100	0
"112"	361	1297	382
"113"	0	147	5
"114"	0	1212	0
"115"	2	9	0
"116"	12	82	74
"117"	222	0	8
"118"	0	291	2
"119"	60	246	4835
"120"	5	795	47
"121"	36	53	16
"122"	237	109	339
"123"	0	23	0
"124"	0	94	0
"125"	653	30	87
"126"	0	63	0
"127"	304	15	16
"128"	24	29	7
"129"	0	82	0
"130"	47	1680	32
"131"	10	315	10
"132"	4	154	0
"133"	0	108	6
"134"	51	875	48
"135"	2	75	2
"136"	2831	48	452
"137"	38	43	127
"138"	12	339	19
"139"	0	0	0
"140"	6	60	20
"141"	0	0	0
"142"	54	17	127
"143"	0	70	0
"144"	2698	25	8
"145"	1734	7	352
"146"	4	1409	49
"147"	86	1540	80
"148"	100	58	48
"149"	0	181	15
"150"	11	19	0
"151"	0	1044	0
"152"	0	0	0
"153"	0	175	0
"154"	0	2	0
"155"	6089	3446	375
"156"	34	21	33
"157"	8	1182	127
"158"	57	69	57
"159"	0	0	0
"160"	132	4	14
"161"	0	1566	0
"162"	0	843	0
"163"	88	8	181
"164"	0	13	0
"165"	163	0	0
"166"	19	2402	48
"167"	0	18	0
"168"	154	2	7
"169"	0	0	0
"170"	2093	165	373
"171"	0	55	41
"172"	87	157	7
"173"	898	2	439
"174"	0	404	0
"175"	0	219	0
"176"	376	72	117
"177"	113	23	18
"178"	0	10581	0
"179"	8	34	4
"180"	326	5256	3772
"181"	2	110	18
"182"	289	105	613
"183"	372	75	18
"184"	69	14	228
"185"	0	20	0
"186"	0	21	0
"187"	10	91	18
"188"	5	829	7
"189"	9	10	2824
"190"	0	23	13
"191"	0	33	2
"192"	0	21	7
"193"	262	94	1142
"194"	0	0	0
"195"	73	27	4
"196"	19	85	348
"197"	507	2	0
"198"	0	1276	38
"199"	0	117	0
"200"	2	65	2
"201"	4	90	2
"202"	105	1835	80
"203"	0	286	0
"204"	1223	2010	538
"205"	15	65	6
"206"	0	109	0
"207"	42	17	49
"208"	96	18	98
"209"	21	64	21
"210"	0	203	17
"211"	0	0	0
"212"	239	10	1322
"213"	21	653	25
"214"	1209	10099	2174
"215"	1052	72	418
"216"	10	60	8
"217"	2587	17	24406
"218"	82	30	29
"219"	82	8	415
"220"	1079	2102	1452
"221"	20	505	4
"222"	0	1598	8
"223"	0	306	7
"224"	12723	55	859
"225"	0	180	0
"226"	983	0	19
"227"	9	31	7
"228"	272	4	24
"229"	185	33	203
"230"	17	424	24
"231"	0	3	0
"232"	28	23	45
"233"	0	63	0
"234"	0	62	17
"235"	61	75	1135
"236"	0	419	0
"237"	107	60	122
"238"	186	0	0
"239"	15	40	107
"240"	59	17	28
"241"	2	557	9
"242"	0	38	0
"243"	10037	34	72
"244"	0	104	0
"245"	27	403	99
"246"	6	28	49
"247"	57	32237	190
"248"	132	231	68
"249"	8	15252	103
"250"	0	235	0
"251"	16895	0	0
"252"	1	23	0
"253"	288	86	273
"254"	29	60	198
"255"	0	0	0
"256"	10	11	13
"257"	3643	20	0
"258"	0	6	5
"259"	207	17	155
"260"	107	63	110
"261"	244	338	70
"262"	1	47	4
"263"	0	30	0
"264"	0	0	0
"265"	8	116	10
"266"	12	962	9
"267"	163	7	72
"268"	41	3	48
"269"	0	302	0
"270"	0	33	19
"271"	0	8	0
"272"	92	66	246
"273"	0	6	0
"274"	5	428	3
"275"	8	53	24
"276"	0	13	2
"277"	3	849	3
"278"	6	15	0
"279"	21	6	19
"280"	13	14	161
"281"	5	246	2
"282"	50	4603	11
"283"	98	83	49
"284"	2121	97	224
"285"	4316	59	327
"286"	17	16	32
"287"	7	0	180
"288"	33	184	46
"289"	26	122	47
"290"	8	78	0
"291"	0	5	6
"292"	0	50	0
"293"	3	13	0
"294"	14	26	54
"295"	2259	489	3297
"296"	0	18	0
"297"	74	98	142
"298"	4	9	7
"299"	0	427	0
"300"	5	61	0
"301"	0	188	0
"302"	49	63	60
"303"	4	78	2
"304"	170	4123	42
"305"	1336	4614	2933
"306"	780	232	2186
"307"	0	252	0
"308"	6	39	32
"309"	15	120	27
"310"	39	0	0
"311"	952	47	342
"312"	25	17	37
"313"	312	12	816
"314"	104	33	22
"315"	226	0	133
"316"	0	3	0
"317"	93	252	24
"318"	561	1936	45
"319"	3	9	1
"320"	13	44	26
"321"	41	58	82
"322"	0	74	0
"323"	0	156	0
"324"	0	3886	79
"325"	0	30	357
"326"	164	238	69
"327"	39	11	20
"328"	0	0	0
"329"	0	42	0
"330"	0	59	31
"331"	121	0	0
"332"	856	36	1540
"333"	9	6	111
"334"	29	70	46
"335"	0	180	0
"336"	189	24	321
"337"	5	402	0
"338"	5	48	10
"339"	213	80	195
"340"	0	0	0
"341"	681	2562	838
"342"	0	963	0
"343"	29	0	179
"344"	54	36	44
"345"	0	37	2
"346"	188	12	76
"347"	101	122	4
"348"	131	210	8
"349"	138	0	3
"350"	0	84	0
"351"	0	476	0
"352"	9	59	48
"353"	3858	751	7142
"354"	52	9	4
"355"	42	21	70
"356"	0	639	10
"357"	0	0	2
"358"	0	11	0
"359"	2	17	14
"360"	0	37	6
"361"	0	77	0
"362"	0	47	0
"363"	133	2	38
"364"	46	11	87
"365"	8	1	19
"366"	0	322	0
"367"	5	83	999
"368"	163	206	518
"369"	224	47	71
"370"	0	0	289
"371"	37	66	23
"372"	7	13	55
"373"	0	61285	42
"374"	25	18	5
"375"	41	162	19
"376"	0	15	2
"377"	0	513	0
"378"	19	290	17
"379"	4	277	0
"380"	0	0	11
"381"	0	0	0
"382"	0	14	0
"383"	0	0	0
"384"	135	8	225
"385"	8	10	69
"386"	33	37	27
"387"	0	29	0
"388"	139	47	197
"389"	0	26	5
"390"	15	78	28
"391"	0	14	0
"392"	240	0	33
"393"	0	67	0
"394"	2576	49	113
"395"	5439	1089	761
"396"	0	70	0
"397"	77	8	3
"398"	148	68	36
"399"	20	2269	67
"400"	0	0	0
"401"	0	28	3
"402"	10604	3710	34743
"403"	2	7	3
"404"	0	0	0
"405"	155	55	238
"406"	87	8	8
"407"	143	219	226
"408"	0	0	0
"409"	3	317	45
"410"	0	0	0
"411"	4	67	8
"412"	1770	72	132
"413"	440	571	506
"414"	34	896	91
"415"	846	204	316
"416"	42	13	181
"417"	0	15	6
"418"	0	971	0
"419"	160	122	199
"420"	52	18	536
"421"	148	76	160
"422"	74	13	159
"423"	32	33	33
"424"	0	4	0
"425"	13	1386	18
"426"	65	4	33
"427"	0	244	0
"428"	0	0	2
"429"	28	64	33
"430"	5	192	17
"431"	389	20	16
"432"	10	1274	12
"433"	8	345	38
"434"	515	0	6
"435"	0	0	0
"436"	11	23	84
"437"	29	1108	25
"438"	3	126	37
"439"	14	7	2
"440"	2620	35	1591
"441"	2	218	9
"442"	0	213	0
"443"	85	0	14
"444"	58	1752	391
"445"	4	447	8
"446"	256	4526	1384
"447"	0	51	0
"448"	225	0	3478
"449"	0	362	0
"450"	0	57	0
"451"	75	65	122
"452"	67	0	0
"453"	0	847	0
"454"	104	222	112
"455"	0	14	0
"456"	5	28	36
"457"	1	99	0
"458"	0	0	861
"459"	37	27	73
"460"	0	5	0
"461"	0	147	7
"462"	106	25	480
"463"	0	1284	0
"464"	0	5	0
"465"	48	41	17
"466"	55	6	45
"467"	0	40	0
"468"	0	166	0
"469"	19	11	15
"470"	0	0	0
"471"	0	100	2
"472"	27	21	6
"473"	0	0	0
"474"	65	224	14
"475"	4	0	156
"476"	0	32	0
"477"	0	407	0
"478"	13	0	24
"479"	28	0	13
"480"	0	2545	4
"481"	264	6	70
"482"	7	16	165
"483"	104	441	130
"484"	0	19	0
"485"	9	72	16
"486"	18	47	60
"487"	394	0	951
"488"	5	9	428
"489"	0	1328	5
"490"	377	0	4
"491"	241	50	148
"492"	11266	281	1642
"493"	31	4	270
"494"	38	2	199
"495"	0	7148	0
"496"	63	28	53
"497"	30	31	2
"498"	0	28	0
"499"	37	292	150
"500"	0	28	0
"501"	0	299	40
"502"	37	82	62
"503"	41	0	69
"504"	344	252	719
"505"	15	2	20
"506"	403	2	4
"507"	8	724	27
"508"	160	66	1494
"509"	820	8	210
"510"	0	8	98
"511"	30	72	136
"512"	4	91	4
"513"	0	210	0
"514"	85	11	23
"515"	0	16	0
"516"	0	0	0
"517"	35	45	55
"518"	0	412	0
"519"	1184	71247	4273
"520"	1	70	1
"521"	376	751	246
"522"	1997	32	124
"523"	0	9	0
"524"	0	69	4
"525"	0	6	0
"526"	0	249	0
"527"	824	2745	402
"528"	0	0	0
"529"	0	14	0
"530"	0	39834	0
"531"	0	193	0
"532"	11	25	10
"533"	0	83	0
"534"	247	21	73
"535"	7	148	3
"536"	64	2610	76
"537"	0	88	0
"538"	20	2244	9
"539"	64	16	3
"540"	18	39	18
"541"	0	0	0
"542"	127	0	6
"543"	0	608	0
"544"	0	0	0
"545"	0	38	0
"546"	410	522	31
"547"	4	36	2
"548"	21	43	40
"549"	23	1885	26
"550"	14	189	18
"551"	55	17	114
"552"	0	0	0
"553"	0	14	0
"554"	35	15	69
"555"	27	53	18
"556"	28	694	150
"557"	0	13	0
"558"	0	59	0
"559"	72	9	89
"560"	0	0	0
"561"	0	39	4
"562"	4	2004	13
"563"	1598	0	33
"564"	20	3	30
"565"	673	10	15
"566"	159	22	302
"567"	18	251	120
"568"	0	5	0
"569"	10	27	43
"570"	2	710	4
"571"	1566	237	316
"572"	0	470	28
"573"	2	35	0
"574"	9	165	5
"575"	0	405	109
"576"	195	0	33
"577"	127	12	0
"578"	0	140	0
"579"	0	27	23
"580"	0	18	0
"581"	0	13	124
"582"	7	19	28
"583"	0	472	0
"584"	0	0	0
"585"	0	0	0
"586"	0	251	17
"587"	71	585	454
"588"	5	31	21
"589"	1597	0	0
"590"	0	480	1
"591"	5	19	4
"592"	0	100	0
"593"	0	19	0
"594"	0	461	0
"595"	10	467	39
"596"	0	6	489
"597"	212	883	582
"598"	8	37	18
"599"	0	17	0
"600"	5	93	0
"601"	35	49	414
"602"	0	9	0
"603"	0	8	0
"604"	0	76	0
"605"	183	43	136
"606"	26	164	7
"607"	4	469	0
"608"	3	36	3
"609"	333	264	1013
"610"	6	12	77
"611"	378	729	932
"612"	801	50	162
"613"	0	209	0
"614"	0	32	0
"615"	0	111	12
"616"	0	43	0
"617"	1452	1064	1492
"618"	0	57	0
"619"	0	173	0
"620"	0	18	72
"621"	42	20	34
"622"	1113	10158	806
"623"	475	65	1179
"624"	0	217	0
"625"	1678	95	1046
"626"	30	2	68
"627"	75	58	141
"628"	65	23607	262
"629"	31	5	6
"630"	814	26	32
"631"	19	1090	53
"632"	0	36	2
"633"	0	103	9
"634"	0	0	154
"635"	3	354	0
"636"	0	1757	0
"637"	85	7	1603
"638"	15	992	32
"639"	74	99	20
"640"	12823	246	199
"641"	137	459	324
"642"	367	11	229
"643"	6	7	28
"644"	0	109	0
"645"	0	72	0
"646"	53	531	49
"647"	2	5	2
"648"	107	172	108
"649"	5626	0	131
"650"	0	0	0
"651"	13	460	46
"652"	0	6	0
"653"	0	3	0
"654"	28	7	50
"655"	14	76	46
"656"	2897	2119	1272
"657"	0	47	0
"658"	130	420	198
"659"	2	8	0
"660"	0	62	0
"661"	18	90	16
"662"	151	26	26
"663"	104	498	143
"664"	40	46	8
"665"	0	0	0
"666"	113	321	86
"667"	406	27	1431
"668"	0	27	2
"669"	0	37	0
"670"	1	116	2
"671"	776	35	901
"672"	33	0	276
"673"	127	27	11
"674"	0	0	794
"675"	0	22	1
"676"	19	9	44
"677"	348	0	11755
"678"	90	22	112
"679"	0	184	0
"680"	23	20	12
"681"	40	14289	94
"682"	144	14	9
"683"	0	1	16
"684"	0	16	0
"685"	0	434	0
"686"	0	6	0
"687"	0	22	2
"688"	0	508	0
"689"	75	35	91
"690"	0	138	0
"691"	0	0	0
"692"	7	8	4
"693"	0	315	7
"694"	18	88	17
"695"	124	16	109
"696"	349	336	414
"697"	2	55	18
"698"	9	46	2201
"699"	9	357	20
"700"	0	0	272
"701"	35	81	48
"702"	64	218	68
"703"	28	61	31
"704"	0	0	0
"705"	0	83	2
"706"	2	48	12
"707"	9	14	9
"708"	0	23	0
"709"	0	2	7
"710"	0	71	0
"711"	21	17	82
"712"	2	6	6
"713"	116	1110	7
"714"	7	93	2878
"715"	0	432	0
"716"	3	74	6
"717"	181	69	100
"718"	0	1339	32
"719"	46	10	32
"720"	13	40	18
"721"	189	151	306
"722"	17	12	2
"723"	0	18	3
"724"	148	339	285
"725"	4	40	14
"726"	4	101	0
"727"	235	523	288
"728"	4	6	0
"729"	0	5	0
"730"	12	394	17
"731"	64	17	73
"732"	0	778	7
"733"	49	113	61
"734"	0	524	0
"735"	2	69	0
"736"	0	159	0
"737"	0	258	2
"738"	14	25	22
"739"	0	116	116
"740"	0	2802	0
"741"	0	66	0
"742"	231	0	21
"743"	175	5	124
"744"	69	192	76
"745"	415	60	51
"746"	6	69	23
"747"	0	2	0
"748"	0	2	0
"749"	111	23	96
"750"	0	55	0
"751"	36	29	15
"752"	136	9	534
"753"	0	0	0
"754"	70	3156	133
"755"	139	46	228
"756"	3	5321	78
"757"	267	11	75
"758"	9	22	41
"759"	7	949	74
"760"	130	61	240
"761"	0	63	0
"762"	0	0	0
"763"	8	3495	0
"764"	21	6	70
"765"	53	725	140
"766"	0	321	0
"767"	329	2153	309
"768"	2110	418	30
"769"	0	183	0
"770"	0	152	0
"771"	19	34	69
"772"	5	0	0
"773"	6020	0	3765
"774"	26	15	36
"775"	0	338	0
"776"	63	79	61
"777"	16	9	207
"778"	0	3588	0
"779"	0	5168	51
"780"	51	281	58
"781"	0	11	0
"782"	0	130	0
"783"	0	97	44
"784"	0	95	3
"785"	72	89	46
"786"	0	0	0
"787"	0	0	5
"788"	2	44	11
"789"	55	131	111
"790"	0	37	0
"791"	0	116	0
"792"	150	7	335
"793"	13	20	19
"794"	0	78	0
"795"	5	4	81
"796"	0	20	17
"797"	0	25	0
"798"	382	15	238
"799"	0	43	0
"800"	9	19	27
"801"	0	877	4
"802"	0	198	2
"803"	18	117	86
"804"	0	47	7
"805"	0	76	0
"806"	10	39	26
"807"	17	249	29
"808"	18	474	21
"809"	0	17	0
"810"	54	420	143
"811"	2	103	19
"812"	0	1713	0
"813"	0	160	0
"814"	0	0	2
"815"	3	422	13
"816"	1479	868	22790
"817"	0	2	131
"818"	248	901	271
"819"	7	50	138
"820"	790	344	1333
"821"	2	225	4
"822"	106	260	309
"823"	201	1	38
"824"	1136	0	0
"825"	44	82	112
"826"	0	93	25
"827"	101	294	17
"828"	15	52	65
"829"	0	849	0
"830"	605	0	190
"831"	20	6	364
"832"	130	11409	830
"833"	46	215	17
"834"	0	209	0
"835"	11	87	43
"836"	0	176	5
"837"	74	213	776
"838"	6	270	35
"839"	242	799	322
"840"	0	0	0
"841"	2	9	0
"842"	44	16	31
"843"	0	45	0
"844"	0	1450	28
"845"	65	7	92
"846"	0	1269	63
"847"	5	3	53
"848"	1	25	0
"849"	0	7	0
"850"	0	0	0
"851"	0	105	4
"852"	9	0	0
"853"	0	0	0
"854"	8	96	0
"855"	0	0	0
"856"	369	46	847
"857"	0	876	0
"858"	7	327	56
"859"	0	193	0
"860"	0	127	0
"861"	21	25	23
"862"	2	699	55
"863"	45	93	62
"864"	20	18	20
"865"	2	82	0
"866"	3	120	2
"867"	169	6626	179
"868"	86	5645	77
"869"	0	157	6
"870"	0	198	428
"871"	0	5	0
"872"	111	439	9914
"873"	0	129	0
"874"	3	12	831
"875"	6	295	11
"876"	0	68	0
"877"	43	2782	15
"878"	8	8	8
"879"	3	48	33
"880"	34	56	22
"881"	0	137	0
"882"	0	0	0
"883"	406	4566	300
"884"	17	86	12
"885"	28	1	232
"886"	63	37	84
"887"	255	0	25
"888"	149	38	100
"889"	0	259	0
"890"	9	37	46
"891"	18	16	73
"892"	0	135	0
"893"	0	2856	0
"894"	5	2479	58
"895"	0	15732	21
"896"	27	1	102
"897"	0	407	0
"898"	32	140	72
"899"	0	185	0
"900"	26	244	39
"901"	0	120	0
"902"	0	33	0
"903"	0	187	0
"904"	0	672	0
"905"	0	6	0
"906"	8	1316	0
"907"	1342	29	318
"908"	68	8	23
"909"	0	103	0
"910"	3404	200	498
"911"	118	456	448
"912"	336	13449	423
"913"	0	0	0
"914"	0	17	0
"915"	0	10	0
"916"	492	3	50
"917"	37	24	76
"918"	0	65	0
"919"	257	5	0
"920"	14	404	19
"921"	8	22	0
"922"	123	0	24
"923"	0	618	0
"924"	0	656	8
"925"	16	550	11
"926"	11	125	8
"927"	8	0	722
"928"	0	0	0
"929"	7	187	0
"930"	21	90	2
"931"	1566	12	371
"932"	79	2	16
"933"	0	20	0
"934"	41	37	34
"935"	0	107	0
"936"	0	0	0
"937"	65	8	32
"938"	0	2	0
"939"	5	19	13
"940"	21	302	58
"941"	6	142	11
"942"	0	0	0
"943"	206	34	12
"944"	0	275	0
"945"	7	963	19
"946"	20	791	151
"947"	0	11	0
"948"	256	5	21
"949"	4	33	0
"950"	2234	64	579
"951"	0	18	0
"952"	0	666	81
"953"	0	21	0
"954"	177	316	245
"955"	0	107	0
"956"	74	0	18
"957"	0	961	0
"958"	29	452	0
"959"	57	1036	49
"960"	1	1	24
"961"	196	31	1164
"962"	112	1	28
"963"	0	407	0
"964"	529	36934	552
"965"	68	0	44
"966"	278	287	372
"967"	0	371	0
"968"	0	0	2
"969"	74	0	34
"970"	0	0	0
"971"	10	25	653
"972"	4	336	0
"973"	0	212	0
"974"	10	55	32
"975"	0	1893	0
"976"	0	0	0
"977"	371	16	19
"978"	20	212	38
"979"	0	117	0
"980"	85	11	4
"981"	0	98	0
"982"	74	213	93
"983"	8	23	78
"984"	0	0	5
"985"	19	1435	43
"986"	0	56	0
"987"	0	0	0
"988"	46	5918	211
"989"	0	69	0
"990"	7	385	7
"991"	156	456	2350
"992"	0	6	0
"993"	68	697	570
"994"	17	2	204
"995"	7	596	4
"996"	77	3961	29
"997"	0	96	0
"998"	133	400	324
"999"	0	37	0
"1000"	242	27	130
"1001"	0	0	0
"1002"	105	1179	121
"1003"	1	3	93
"1004"	314	18	7044
"1005"	0	3	0
"1006"	191	8	75
"1007"	20	2	15
"1008"	28	14	798
"1009"	13	6997	25
"1010"	0	93	2
"1011"	16	13	69
"1012"	45	3061	16
"1013"	3	421	15
"1014"	0	3860	0
"1015"	84	138	221
"1016"	0	7	20
"1017"	64	521	313
"1018"	1	0	0
"1019"	0	59	4
"1020"	0	179	0
"1021"	140	1167	21
"1022"	12	8	0
"1023"	109	190	256
"1024"	73	0	225
"1025"	27	10	12
"1026"	0	13	0
"1027"	0	14	0
"1028"	1867	83	403
"1029"	0	203	0
"1030"	182	241	176
"1031"	0	239	0
"1032"	3	180	2
"1033"	24	2698	129
"1034"	2054	67	2726
"1035"	0	155	0
"1036"	0	0	0
"1037"	244	528	768
"1038"	438	31458	44
"1039"	0	2	0
"1040"	0	338	0
"1041"	1185	160	2547
"1042"	100	45	371
"1043"	0	223	96
"1044"	162	4	33
"1045"	0	119	0
"1046"	0	147	0
"1047"	10	14	11
"1048"	4143	8005	4287
"1049"	320	9	451
"1050"	123	28	6
"1051"	26	33	54
"1052"	25	2145	3
"1053"	2999	36	117
"1054"	0	0	0
"1055"	28	18	103
"1056"	29	33	193
"1057"	27	18	0
"1058"	29	2504	40
"1059"	5	2140	27
"1060"	0	2139	0
"1061"	52	340	0
"1062"	20	18	39
"1063"	17	146	36
"1064"	2	98	0
"1065"	75	0	249
"1066"	16	15	12
"1067"	33	6	0
"1068"	2	274	11
"1069"	12	41	25
"1070"	0	48	0
"1071"	0	900	0
"1072"	22	492	19
"1073"	123	123	59
"1074"	2256	18122	1283
"1075"	48	208	44
"1076"	538	2529	7980
"1077"	4	211	0
"1078"	32	0	30
"1079"	0	0	0
"1080"	0	57	0
"1081"	18	248	39
"1082"	0	0	0
"1083"	39	346	130
"1084"	29	10	49
"1085"	50	14	133
"1086"	26	12	37
"1087"	55	15	70
"1088"	0	29	0
"1089"	0	40	0
"1090"	0	1174	0
"1091"	0	69	0
"1092"	64	276	25
"1093"	63	336	170
"1094"	30	44	275
"1095"	0	0	0
"1096"	19	38	45
"1097"	98	74	55
"1098"	158	22	41
"1099"	0	1	5
"1100"	36	22	4
"1101"	43	75	21
"1102"	0	2	0
"1103"	259	1462	818
"1104"	10	269	80
"1105"	0	2	0
"1106"	0	15	0
"1107"	3	34	93
"1108"	0	173	0
"1109"	13	75	39
"1110"	229	26	976
"1111"	0	37	0
"1112"	18	33	66
"1113"	4	0	13
"1114"	13	59	0
"1115"	0	0	0
"1116"	5322	75	4339
"1117"	1	0	3
"1118"	31	1	29
"1119"	0	324	0
"1120"	17	5	6
"1121"	3	35	2
"1122"	4	0	3
"1123"	30	40	24
"1124"	0	3	5
"1125"	209	385	359
"1126"	3958	10300	28998
"1127"	37	102	16
"1128"	451	824	489
"1129"	456	228	6924
"1130"	1	102	0
"1131"	0	46	0
"1132"	80	309	53
"1133"	5	203	3
"1134"	0	0	592
"1135"	0	82	0
"1136"	29	602	17
"1137"	0	118	0
"1138"	0	139	0
"1139"	0	77	13
"1140"	84	286	102
"1141"	59	5	62
"1142"	4	111	16
"1143"	0	60	0
"1144"	72	384	31
"1145"	55	0	34
"1146"	10	534	19
"1147"	16	239	68
"1148"	1118	0	10722
"1149"	40	47	223
"1150"	38	2	3
"1151"	92	2	45
"1152"	5	8	0
"1153"	0	95	2
"1154"	0	8763	80
"1155"	0	225	0
"1156"	17	38	47
"1157"	0	20	0
"1158"	12	41	26
"1159"	9	9	31
"1160"	354	562	559
"1161"	165	85	107
"1162"	307	1612	363
"1163"	8163	24531	21659
"1164"	0	191	4
"1165"	12	10	0
"1166"	0	2	0
"1167"	6	23	5
"1168"	6	429	24
"1169"	94	264	367
"1170"	0	3	0
"1171"	19	39	212
"1172"	3	11	331
"1173"	1909	240	1083
"1174"	0	85	0
"1175"	64	78	77
"1176"	6	26	17
"1177"	0	2	0
"1178"	0	86	0
"1179"	0	0	0
"1180"	3	142	24
"1181"	1	50	21
"1182"	396	103	778
"1183"	0	5	0
"1184"	18	290	54
"1185"	0	0	0
"1186"	0	0	0
"1187"	25	7	97
"1188"	109	42	159
"1189"	23	41	10
"1190"	0	7	0
"1191"	0	77	0
"1192"	0	0	0
"1193"	0	3209	0
"1194"	133	339	466
"1195"	2601	316	1295
"1196"	0	430	47
"1197"	556	0	150
"1198"	1009	66	944
"1199"	0	155	4
"1200"	0	244	0
"1201"	24	579	9
"1202"	0	27	0
"1203"	10	7	9
"1204"	206	18	7
"1205"	0	134	5
"1206"	4	960	0
"1207"	54	21	40
"1208"	4	35	2
"1209"	85	2	10
"1210"	35	32	35
"1211"	0	182	0
"1212"	0	0	2
"1213"	0	580	0
"1214"	0	0	19
"1215"	0	671	2
"1216"	0	2	0
"1217"	4	32	9
"1218"	0	7	0
"1219"	32	76	8
"1220"	116	18	44
"1221"	0	214	0
"1222"	228	3	48
"1223"	12	11	5
"1224"	19	107	131
"1225"	44	0	51
"1226"	0	23	0
"1227"	90	27	137
"1228"	21	0	4
"1229"	2	26	0
"1230"	293	66	9203
"1231"	59	80	430
"1232"	7	17	2
"1233"	51	10319	159
"1234"	50	36	17
"1235"	2	127	3
"1236"	0	23	2
"1237"	47	11	131
"1238"	78	50	0
"1239"	46	41	12
"1240"	25	85	0
"1241"	8	30	13
"1242"	19	76	1216
"1243"	0	474	0
"1244"	0	16	0
"1245"	10	672	0
"1246"	0	91	2
"1247"	4	4	15
"1248"	55	59	68
"1249"	9	343	21
"1250"	0	81	0
"1251"	0	13	0
"1252"	14	60	20
"1253"	8	19	2
"1254"	0	774	0
"1255"	52	398	31
"1256"	9	243	14
"1257"	267	926	89
"1258"	16	893	14
"1259"	26	2	33
"1260"	2648	30	426
"1261"	0	189	0
"1262"	191	32	24
"1263"	0	53	2
"1264"	17	46	15
"1265"	11	38	45
"1266"	14	37	74
"1267"	11	67	24
"1268"	0	4	81
"1269"	15	26	7
"1270"	0	1354	0
"1271"	2	36	6
"1272"	764	7	8
"1273"	0	164	0
"1274"	3	128	2
"1275"	31	48	9
"1276"	0	109	0
"1277"	5	102	18
"1278"	5	88	0
"1279"	61	103	7
"1280"	0	3125	0
"1281"	23	132	0
"1282"	12	52	12
"1283"	0	1763	9
"1284"	2436	159	277
"1285"	103	30	314
"1286"	151	163	245
"1287"	7	274	2
"1288"	0	2	5
"1289"	2	97	0
"1290"	0	4521	30
"1291"	29	55	41
"1292"	0	4	16
"1293"	0	133	0
"1294"	0	133	0
"1295"	0	112	0
"1296"	429	26	11
"1297"	0	0	0
"1298"	0	195	3
"1299"	657	9	131
"1300"	18	277	13
"1301"	38	50	70
"1302"	13	3451	50
"1303"	0	8	0
"1304"	125	0	10
"1305"	44	42	416
"1306"	0	33	0
"1307"	492	6	738
"1308"	0	141	0
"1309"	23	46	83
"1310"	0	518	0
"1311"	73	24	26
"1312"	8	69	111
"1313"	4	87	18
"1314"	7	125	21
"1315"	0	0	5
"1316"	0	159	0
"1317"	415	4	751
"1318"	0	29	0
"1319"	0	588	0
"1320"	95	19	107
"1321"	0	72	0
"1322"	0	278	0
"1323"	0	0	0
"1324"	11	14	21
"1325"	986	766	16
"1326"	99	177	170
"1327"	110	9	1052
"1328"	30	8	74
"1329"	0	1157	0
"1330"	0	140	0
"1331"	0	11	0
"1332"	707	28	5
"1333"	0	296	0
"1334"	35	17	32
"1335"	0	152	0
"1336"	417	8	18
"1337"	9	44	14
"1338"	0	203	0
"1339"	340	21	548
"1340"	1	3	102
"1341"	3	172	0
"1342"	2	11	0
"1343"	71	1510	95
"1344"	4	49	0
"1345"	98	13	6
"1346"	2	60	0
"1347"	0	73	0
"1348"	3838	15	58
"1349"	0	3	0
"1350"	1149	13	0
"1351"	3	822	2
"1352"	38	202	31
"1353"	0	0	0
"1354"	2	0	3
"1355"	0	5	85
"1356"	0	173	0
"1357"	4	93	2
"1358"	0	6	0
"1359"	0	3	16
"1360"	20	123	16
"1361"	204	23318	143
"1362"	74	116	131
"1363"	0	81	0
"1364"	9	20	23
"1365"	49	108	6
"1366"	0	10	0
"1367"	38	12	263
"1368"	0	99	0
"1369"	1460	3	352
"1370"	14	0	314
"1371"	613	18	36
"1372"	0	0	0
"1373"	0	7613	0
"1374"	0	205	8
"1375"	0	327	1
"1376"	2	210	10
"1377"	97	2	935
"1378"	0	198	0
"1379"	0	39	0
"1380"	3	19	88
"1381"	5	410	85
"1382"	209	0	69
"1383"	248	69	199
"1384"	37	587	13
"1385"	320	352	63
"1386"	0	190	0
"1387"	2	100	2
"1388"	5	18	11
"1389"	9	34	43
"1390"	28	0	2401
"1391"	5	215	24
"1392"	88	610	2574
"1393"	30	1	112
"1394"	0	0	104
"1395"	126	21	137
"1396"	4	23	0
"1397"	0	0	0
"1398"	14	0	4
"1399"	13	5	0
"1400"	0	660	0
"1401"	3	125	0
"1402"	0	560	21
"1403"	18	0	14
"1404"	0	37	0
"1405"	0	6	0
"1406"	4	7	1
"1407"	155	0	2579
"1408"	0	12	11
"1409"	0	752	33
"1410"	8	62	22
"1411"	226	1878	31
"1412"	0	83	0
"1413"	5087	185	6405
"1414"	180	71	13
"1415"	0	5	0
"1416"	0	1	267
"1417"	0	0	0
"1418"	114	0	19
"1419"	0	24	3
"1420"	0	141	0
"1421"	46	57	43
"1422"	0	13	0
"1423"	60	50	1215
"1424"	2	166	0
"1425"	0	616	0
"1426"	13	23	33
"1427"	204	0	130
"1428"	0	22	0
"1429"	24	16	19
"1430"	3	14	0
"1431"	1552	62	455
"1432"	0	3	5
"1433"	0	50	4
"1434"	290	51	245
"1435"	68	31	154
"1436"	1157	219	1105
"1437"	1819	811	1591
"1438"	32	32	26
"1439"	7	73	7
"1440"	81	0	6
"1441"	0	74	0
"1442"	13	21	26
"1443"	45	30	14
"1444"	0	176	0
"1445"	22	2	10
"1446"	57	15	126
"1447"	210	124	89
"1448"	65	8	19
"1449"	0	3	43
"1450"	0	3	0
"1451"	0	130	4
"1452"	0	112	0
"1453"	79	2	46
"1454"	20	7619	15
"1455"	0	5	4
"1456"	19	4070	44
"1457"	0	55	0
"1458"	0	72	5
"1459"	19	107	229
"1460"	20	17	131
"1461"	2	20	263
"1462"	485	6	83
"1463"	5	325	6
"1464"	0	48	0
"1465"	10	686	11
"1466"	0	6	0
"1467"	17	17	10
"1468"	0	85	0
"1469"	10	92	1
"1470"	0	12	0
"1471"	455	0	392
"1472"	177	1339	404
"1473"	0	2	0
"1474"	2684	11076	6194
"1475"	0	33	0
"1476"	0	2738	0
"1477"	2	47	1
"1478"	38	21	165
"1479"	0	0	0
"1480"	0	0	0
"1481"	372	210	2433
"1482"	0	0	0
"1483"	3996	174	71
"1484"	3	46	45
"1485"	0	95	7
"1486"	2140	24	120
"1487"	0	0	0
"1488"	0	195	0
"1489"	2	166	0
"1490"	0	61	6
"1491"	610	48	1669
"1492"	1341	3	431
"1493"	14	41	9
"1494"	251	343	23
"1495"	0	2	0
"1496"	0	481	5
"1497"	0	284	0
"1498"	0	249	0
"1499"	0	100	0
"1500"	0	57	0
"1501"	4	123	12
"1502"	44	7	61
"1503"	0	150	0
"1504"	22	17	0
"1505"	270	398	450
"1506"	0	72	0
"1507"	141	1612	353
"1508"	0	8	0
"1509"	56	448	11
"1510"	438	1140	839
"1511"	35	311	17
"1512"	0	4740	4
"1513"	155	35	1108
"1514"	10	15	8
"1515"	0	230	0
"1516"	11	15	11
"1517"	0	144	0
"1518"	52	32	79
"1519"	8	7	5
"1520"	47	64	102
"1521"	0	172	2
"1522"	0	394	2
"1523"	11	0	38
"1524"	3066	41	182
"1525"	6686	145	25000
"1526"	0	225	0
"1527"	19	3	10
"1528"	9	107	0
"1529"	22	43	39
"1530"	14	2380	55
"1531"	20	10	24
"1532"	43	22	240
"1533"	190	497	52
"1534"	49	340	51
"1535"	46	2	44
"1536"	0	41	0
"1537"	16	1037	2
"1538"	114	63	177
"1539"	41	69	3
"1540"	60	9	40
"1541"	413	1407	60
"1542"	43	71	21
"1543"	34	19	149
"1544"	38	20	49
"1545"	3	4	0
"1546"	0	105	0
"1547"	2	0	0
"1548"	3	444	7
"1549"	88	3505	3
"1550"	328	46	513
"1551"	93	136	225
"1552"	0	139	0
"1553"	486	1183	829
"1554"	9	68	148
"1555"	25	0	0
"1556"	1647	28	135
"1557"	0	2536	0
"1558"	16	146	80
"1559"	162	19	120
"1560"	0	55	0
"1561"	0	0	0
"1562"	0	48	17
"1563"	15	0	122
"1564"	0	0	0
"1565"	33	21	21
"1566"	32	29	41
"1567"	35	371	108
"1568"	3179	0	0
"1569"	0	6	0
"1570"	10	84	2
"1571"	11	3242	19
"1572"	5	61	4
"1573"	1670	150	1431
"1574"	0	537	0
"1575"	6062	57	109
"1576"	3	9	0
"1577"	117	100	103
"1578"	0	0	47
"1579"	131	0	0
"1580"	1061	3476	1776
"1581"	20	10	74
"1582"	0	524	0
"1583"	0	53	0
"1584"	3	15	35
"1585"	167	3676	77
"1586"	8	530	11
"1587"	102	4	75
"1588"	0	2	0
"1589"	0	49	45
"1590"	27	101	91
"1591"	2	193	8
"1592"	8	488	37
"1593"	11	563	146
"1594"	37	106	43
"1595"	0	490	0
"1596"	166	58	183
"1597"	0	6	0
"1598"	0	2851	0
"1599"	42	6	41
"1600"	15	51	0
"1601"	10	0	0
"1602"	49	0	13
"1603"	6	45	8
"1604"	6	110	9
"1605"	11	92	22
"1606"	0	103	3
"1607"	0	13	0
"1608"	34	271	13
"1609"	0	287	0
"1610"	11	219	2
"1611"	0	177	0
"1612"	0	90	0
"1613"	0	116	4
"1614"	3	197	10
"1615"	43	40	33
"1616"	555	1591	2199
"1617"	4	1096	5
"1618"	2	104	21
"1619"	0	21	0
"1620"	0	15	13
"1621"	3	492	14
"1622"	102	49	164
"1623"	719	28	85
"1624"	17	31	37
"1625"	514	80	85
"1626"	354	18	114
"1627"	39	304	25
"1628"	408	6	151
"1629"	89	1073	59
"1630"	0	14393	38
"1631"	53	29	13
"1632"	103	6	4
"1633"	0	355	15
"1634"	79	520	8
"1635"	6	15	16
"1636"	491	592	461
"1637"	0	0	0
"1638"	0	422	4
"1639"	0	121	0
"1640"	2	53	3
"1641"	25	2976	34
"1642"	0	0	0
"1643"	39	113	24
"1644"	3	94	55
"1645"	0	102	3
"1646"	0	38	0
"1647"	0	0	0
"1648"	0	107	0
"1649"	26	1	2
"1650"	290	4522	13
"1651"	18	0	44
"1652"	371	3003	141
"1653"	2	1179	148
"1654"	96	848	7
"1655"	2735	245	12475
"1656"	29	70	64
"1657"	0	35	0
"1658"	4	0	0
"1659"	0	0	0
"1660"	9	8	44
"1661"	85	2081	25
"1662"	4565	265	437
"1663"	4342	6	442
"1664"	14	493	2
"1665"	242	372	837
"1666"	0	0	0
"1667"	0	1715	0
"1668"	8	28	15
"1669"	0	6	0
"1670"	5	4	60
"1671"	3	64	20
"1672"	104	280	101
"1673"	59	850	82
"1674"	3	6	0
"1675"	0	3541	0
"1676"	6	1784	17
"1677"	91	43	225
"1678"	21	6533	51
"1679"	295	11641	642
"1680"	49	7	45
"1681"	3	73	4
"1682"	8	39	3
"1683"	34	11	56
"1684"	0	52	0
"1685"	19	742	9
"1686"	0	55	1
"1687"	9	22	9
"1688"	254	0	0
"1689"	34	69	50
"1690"	245	2301	924
"1691"	22	139	8
"1692"	24	37	12
"1693"	0	3	0
"1694"	3297	16	472
"1695"	5	19	30
"1696"	0	100	5
"1697"	2	229	3
"1698"	36	0	103
"1699"	5	1137	0
"1700"	0	7	0
"1701"	8	217	25
"1702"	174	67	173
"1703"	622	1682	726
"1704"	14	101	31
"1705"	5	0	108
"1706"	52	4	112
"1707"	5	7564	0
"1708"	3	89	10
"1709"	76	8132	652
"1710"	68	20	23
"1711"	0	403	4
"1712"	0	338	0
"1713"	3	144	1
"1714"	0	0	0
"1715"	1449	191	4236
"1716"	0	0	0
"1717"	3	558	10
"1718"	13	121	6
"1719"	2	115	2
"1720"	32	108	194
"1721"	4	73	12
"1722"	9	181	0
"1723"	6	25	4
"1724"	3	535	4
"1725"	0	79	2
"1726"	2	58	5
"1727"	42	3	19
"1728"	9	1342	8
"1729"	31	39	8
"1730"	0	1003	0
"1731"	577	24	50
"1732"	0	5	0
"1733"	0	43	0
"1734"	0	19	0
"1735"	260	1101	743
"1736"	156	3514	85
"1737"	262	11	47
"1738"	2	18	0
"1739"	0	0	0
"1740"	0	5466	7
"1741"	0	0	0
"1742"	54	109	231
"1743"	24	43	0
"1744"	514	222	53
"1745"	66	40	69
"1746"	0	104	0
"1747"	0	0	0
"1748"	1316	279	138
"1749"	0	182	0
"1750"	12	3	96
"1751"	0	1710	0
"1752"	0	5	0
"1753"	30	28	37
"1754"	28	2	1737
"1755"	0	1371	0
"1756"	1	68	2
"1757"	0	199	2
"1758"	0	195	0
"1759"	71	4	30
"1760"	25	5146	29
"1761"	12	417	66
"1762"	0	3	0
"1763"	1951	22140	1419
"1764"	0	292	0
"1765"	0	52	0
"1766"	448	3155	3914
"1767"	376	467	1125
"1768"	0	16	0
"1769"	16	194	45
"1770"	114	95	161
"1771"	112	269	145
"1772"	66	45	110
"1773"	0	5	674
"1774"	187	874	12
"1775"	8	268	5
"1776"	10	34	30
"1777"	45	10	59
"1778"	90	25	59
"1779"	0	15	0
"1780"	0	70	0
"1781"	0	16	0
"1782"	0	303	0
"1783"	0	83	0
"1784"	0	0	72
"1785"	7	10	0
"1786"	0	0	0
"1787"	4	121	4
"1788"	44	37	97
"1789"	171	28	20
"1790"	2821	19	11696
"1791"	139	115	7
"1792"	0	152	0
"1793"	2	91	0
"1794"	0	11	93
"1795"	40	140	83
"1796"	0	129	0
"1797"	0	33784	0
"1798"	0	0	0
"1799"	0	89	0
"1800"	7	0	174
"1801"	38	91	392
"1802"	5	109	42
"1803"	11	79	10
"1804"	7	71	36
"1805"	0	15	0
"1806"	751	12	73
"1807"	19	540	16
"1808"	66	94	166
"1809"	0	30	0
"1810"	0	0	0
"1811"	9	1302	12
"1812"	0	34	0
"1813"	180	0	180
"1814"	119	305	225
"1815"	120	0	34
"1816"	0	109	10
"1817"	59	44	137
"1818"	4	153	0
"1819"	552	19	9036
"1820"	237	9	109
"1821"	0	0	0
"1822"	146	18	0
"1823"	0	35	0
"1824"	20	341	1
"1825"	697	0	7
"1826"	94	3	9
"1827"	0	20	0
"1828"	4	87	7
"1829"	0	233	0
"1830"	25	27	98
"1831"	2	3010	34
"1832"	222	31	457
"1833"	0	457	0
"1834"	2	17	0
"1835"	73	709	160
"1836"	0	156	0
"1837"	0	97	0
"1838"	0	343	0
"1839"	209	20	31
"1840"	68	36	32
"1841"	4	306	0
"1842"	0	4	0
"1843"	10	54	36
"1844"	4	35	5
"1845"	22	37	25
"1846"	29	0	410
"1847"	17	254	5
"1848"	197	404	48
"1849"	4314	15	76
"1850"	0	1	85
"1851"	2	74	2
"1852"	0	0	0
"1853"	0	13	6
"1854"	0	54	0
"1855"	89	43	126
"1856"	4	0	0
"1857"	0	3	0
"1858"	28	53	101
"1859"	17	49	4
"1860"	6	0	84
"1861"	0	0	3
"1862"	645	475	1909
"1863"	969	22	251
"1864"	447	595	79
"1865"	12	35	23
"1866"	10	2	0
"1867"	23	25	43
"1868"	19	264	0
"1869"	2405	148	2385
"1870"	133	324	338
"1871"	0	16	0
"1872"	0	0	0
"1873"	10	546	11
"1874"	100	14617	1057
"1875"	0	561	0
"1876"	253	215	5680
"1877"	0	17	0
"1878"	781	7	42
"1879"	9	2	145
"1880"	0	102	6
"1881"	0	22	4
"1882"	26	4	6
"1883"	26	20	30
"1884"	44	1239	6
"1885"	1675	497	1237
"1886"	60	87	49
"1887"	0	1092	0
"1888"	239	0	44
"1889"	85	36	505
"1890"	26	13	127
"1891"	0	268	0
"1892"	1	2	5
"1893"	0	398	0
"1894"	7	3	606
"1895"	2	82	5
"1896"	150	883	189
"1897"	2	134	2
"1898"	0	0	0
"1899"	0	0	0
"1900"	34	0	60
"1901"	0	267	0
"1902"	14	0	68
"1903"	13	145	12
"1904"	44	1368	40
"1905"	12	222	16
"1906"	22	36	47
"1907"	46	13	44
"1908"	147	8266	41
"1909"	109	74	263
"1910"	16	32	54
"1911"	0	22	0
"1912"	321	20	445
"1913"	253	872	50
"1914"	32	453	6
"1915"	489	19	406
"1916"	0	184	11
"1917"	2	79	3
"1918"	84	0	543
"1919"	762	5	7
"1920"	324	6167	110
"1921"	4	207	0
"1922"	0	41	0
"1923"	23	4763	33
"1924"	221	908	618
"1925"	0	31	0
"1926"	3	820	18
"1927"	5	86	5
"1928"	0	3	0
"1929"	0	49	0
"1930"	2	3	29
"1931"	0	219	0
"1932"	4	49	0
"1933"	29	540	54
"1934"	6	1096	3
"1935"	773	409	291
"1936"	157	1	115
"1937"	41	198	71
"1938"	0	174	0
"1939"	0	159	0
"1940"	32	7	44
"1941"	0	13	0
"1942"	36	5	2
"1943"	23	50	47
"1944"	22	65	13
"1945"	207	1793	291
"1946"	6	0	112
"1947"	2	0	9
"1948"	39	16	6
"1949"	0	76	0
"1950"	0	0	0
"1951"	136	695	390
"1952"	4	11	24
"1953"	77	93	2
"1954"	30	44	63
"1955"	110	17	17
"1956"	0	42	9
"1957"	1	4	0
"1958"	214	20	420
"1959"	27	11	120
"1960"	0	23	0
"1961"	0	441	0
"1962"	36	9	47
"1963"	80	0	165
"1964"	0	43	0
"1965"	56	70	110
"1966"	0	0	0
"1967"	86	10	65
"1968"	0	83	0
"1969"	266	11	523
"1970"	0	60	0
"1971"	0	0	0
"1972"	0	274	0
"1973"	20	23	6
"1974"	3	143	7
"1975"	0	885	0
"1976"	0	0	0
"1977"	36	193	25
"1978"	33	5	104
"1979"	0	5	0
"1980"	0	114	0
"1981"	229	4	193
"1982"	231	10	26
"1983"	5	2	2
"1984"	992	5657	771
"1985"	0	0	0
"1986"	554	240	267
"1987"	7	43	18
"1988"	40	37	59
"1989"	19	89	61
"1990"	0	23	0
"1991"	11	67	1
"1992"	0	307	0
"1993"	0	476	0
"1994"	11	13180	102
"1995"	391	849	1110
"1996"	194	21	89
"1997"	78	0	222
"1998"	66	17228	111
"1999"	0	114	0
"2000"	0	112	0
"2001"	40	43	5
"2002"	121	9	364
"2003"	0	10	0
"2004"	0	95	2
"2005"	285	130	468
"2006"	0	0	0
"2007"	7	46	14
"2008"	2	2	0
"2009"	3	4	2
"2010"	0	153	0
"2011"	4	184	27
"2012"	10	186	3
"2013"	13	255	26
"2014"	19	1006	22
"2015"	20	0	412
"2016"	14	17	7
"2017"	13	73	78
"2018"	2	58	5
"2019"	21	1677	342
"2020"	11	461	13
"2021"	696	6	159
"2022"	0	3294	37
"2023"	25	62	27
"2024"	79	129	212
"2025"	5	25	0
"2026"	7	0	93
"2027"	20	1033	48
"2028"	0	91	0
"2029"	97	179	217
"2030"	32	545	88
"2031"	50	45	66
"2032"	1	3	1
"2033"	0	28	0
"2034"	0	116	0
"2035"	0	35	0
"2036"	1902	24	24
"2037"	0	13	7
"2038"	11	19	23
"2039"	1797	6	26
"2040"	0	141	0
"2041"	173	0	179
"2042"	673	2	12
"2043"	0	41	0
"2044"	0	20186	319
"2045"	0	46	0
"2046"	0	216	0
"2047"	0	120	0
"2048"	868	30	106
"2049"	1707	11	146
"2050"	0	91	0
"2051"	0	71	0
"2052"	98	69	39
"2053"	0	96	3
"2054"	6	2	384
"2055"	8	22755	80
"2056"	163	0	0
"2057"	0	134	0
"2058"	2	0	3
"2059"	39	178	35
"2060"	4	612	0
"2061"	29	38	54
"2062"	1681	12	69
"2063"	429	547	9875
"2064"	223	10	63
"2065"	26	0	68
"2066"	0	3	0
"2067"	24	124	82
"2068"	3060	54	61
"2069"	2752	353	10186
"2070"	40	121	138
"2071"	0	8	0
"2072"	0	476	0
"2073"	0	362	0
"2074"	11	606	6
"2075"	0	6168	118
"2076"	0	9	0
"2077"	0	87	0
"2078"	36	5122	173
"2079"	0	11	0
"2080"	193	215	36
"2081"	6	51	15
"2082"	8	318	2
"2083"	0	8	0
"2084"	0	5660	0
"2085"	31	4837	127
"2086"	44	448	7
"2087"	0	99	0
"2088"	0	11	2
"2089"	16	39	17
"2090"	51	0	57
"2091"	0	0	0
"2092"	0	2	0
"2093"	0	6	0
"2094"	162	17	17
"2095"	59	53	211
"2096"	1686	4	3
"2097"	205	90	666
"2098"	0	62	16
"2099"	0	622	0
"2100"	44	0	16
"2101"	0	77	0
"2102"	0	145	2
"2103"	164	2835	185
"2104"	7	12	13
"2105"	17	316	70
"2106"	8	147	5
"2107"	28	25	14
"2108"	40	16	87
"2109"	15	199	12
"2110"	0	119	8
"2111"	10	3925	39
"2112"	2	182	6
"2113"	1403	11	191
"2114"	69	0	14
"2115"	0	16	0
"2116"	0	541	0
"2117"	0	50	0
"2118"	0	1355	0
"2119"	0	12	1
"2120"	53	14	26
"2121"	56	3	167
"2122"	0	102	0
"2123"	182	23841	160
"2124"	4	0	13
"2125"	426	117	216
"2126"	0	224	0
"2127"	1013	16	74
"2128"	0	170	0
"2129"	82	444	33
"2130"	361	0	96
"2131"	36	1562	15
"2132"	0	166	0
"2133"	0	5	0
"2134"	26	42	121
"2135"	117	9	37
"2136"	4	106	2
"2137"	0	226	0
"2138"	6	62	0
"2139"	181	154	532
"2140"	19	30	27
"2141"	0	33	0
"2142"	136	112	1028
"2143"	28	54	16
"2144"	51	4533	102
"2145"	3	73	0
"2146"	97	31	93
"2147"	0	0	2
"2148"	15421	4940	30232
"2149"	24	278	76
"2150"	0	12547	0
"2151"	0	269	0
"2152"	0	292	0
"2153"	3	264	12
"2154"	0	6	0
"2155"	118	439	182
"2156"	7	40	5
"2157"	9	34	21
"2158"	53	271	268
"2159"	13	85	5
"2160"	5	10	1356
"2161"	0	2	0
"2162"	185	262	909
"2163"	0	0	3
"2164"	0	303	4
"2165"	0	222	0
"2166"	29	70	0
"2167"	52	306	114
"2168"	260	0	16
"2169"	0	38	0
"2170"	0	48	0
"2171"	0	70	9
"2172"	9	15	74
"2173"	13	1	2
"2174"	0	130	0
"2175"	4821	30	1570
"2176"	56	767	93
"2177"	5	61	6
"2178"	1136	10	1233
"2179"	196	603	20313
"2180"	165	715	327
"2181"	105	0	64
"2182"	6	2	98
"2183"	0	90	0
"2184"	0	84	0
"2185"	0	371	0
"2186"	7	44	8
"2187"	13	161	21
"2188"	7	382	62
"2189"	0	0	0
"2190"	26	9	7
"2191"	2339	59	81
"2192"	0	154	0
"2193"	0	38	2
"2194"	8	567	15
"2195"	45	914	29
"2196"	17	78	124
"2197"	0	111	0
"2198"	124	26	99
"2199"	375	34	346
"2200"	6	565	51
"2201"	37	18	40
"2202"	0	84	2
"2203"	0	6189	17
"2204"	0	0	0
"2205"	792	263	379
"2206"	0	2	0
"2207"	4	51	0
"2208"	0	965	0
"2209"	0	514	0
"2210"	0	123	19
"2211"	221	10372	0
"2212"	71	69	33
"2213"	6	13	10
"2214"	0	0	4894
"2215"	0	445	2
"2216"	114	2	1343
"2217"	0	1021	4
"2218"	3779	318	1148
"2219"	0	416	0
"2220"	17	3	0
"2221"	0	765	9
"2222"	4	8	77
"2223"	16	32	95
"2224"	0	227	0
"2225"	25	13	23
"2226"	95	70	536
"2227"	131	0	743
"2228"	0	2708	445
"2229"	6	12	101
"2230"	7	476	11
"2231"	5	256	4
"2232"	0	33	0
"2233"	0	133	0
"2234"	5	154	16
"2235"	4881	69	1911
"2236"	5	4172	5
"2237"	1622	119	858
"2238"	0	195	0
"2239"	0	67	8
"2240"	7	123	3
"2241"	148	15902	119
"2242"	2	3	2
"2243"	518	0	54
"2244"	0	36	7
"2245"	43506	649	34525
"2246"	44	51	0
"2247"	91	161	114
"2248"	77	160	157
"2249"	0	0	0
"2250"	114	14355	170
"2251"	7	32	4
"2252"	15	12	19
"2253"	80	18	32
"2254"	1	15	6
"2255"	4	18	14
"2256"	0	5639	0
"2257"	0	31	209
"2258"	0	28	0
"2259"	89	10	38
"2260"	65	11	22
"2261"	0	532	0
"2262"	0	45	0
"2263"	31	101	86
"2264"	0	130	0
"2265"	46	5	34
"2266"	2	196	11
"2267"	1656	49	2390
"2268"	0	46	0
"2269"	0	26	0
"2270"	15	418	37
"2271"	66	5	330
"2272"	0	73	5
"2273"	7	54	47
"2274"	6	207	0
"2275"	13	38	18
"2276"	0	163	4
"2277"	79	10	70
"2278"	28	47	15
"2279"	0	41	0
"2280"	465	3	67
"2281"	8	473	0
"2282"	2217	9	0
"2283"	0	0	0
"2284"	3286	10	46
"2285"	22	8	9
"2286"	0	27	0
"2287"	21	4	10
"2288"	0	65	53
"2289"	38	179	45
"2290"	87	1	9
"2291"	0	35	0
"2292"	274	0	116
"2293"	20	803	10
"2294"	8	306	67
"2295"	32	83	49
"2296"	2313	2606	4119
"2297"	41	912	28
"2298"	0	119	0
"2299"	0	6	4
"2300"	0	1871	7
"2301"	0	109	0
"2302"	0	129	0
"2303"	0	134	0
"2304"	5	3	1
"2305"	0	177	0
"2306"	135	56	215
"2307"	10	32	69
"2308"	7	2	8
"2309"	1192	10	25
"2310"	25	16	39
"2311"	1885	1496	3854
"2312"	9	250	8
"2313"	0	8	0
"2314"	21	45	27
"2315"	2	21	5
"2316"	725	331	387
"2317"	4	8	131
"2318"	30	41	1185
"2319"	11	130	23
"2320"	225	1039	39
"2321"	781	268	540
"2322"	18	23	29
"2323"	304	667	308
"2324"	0	155	0
"2325"	12	1	25
"2326"	29	48	71
"2327"	100	5295	36
"2328"	0	107	0
"2329"	0	100	0
"2330"	2	165	0
"2331"	0	0	0
"2332"	83	0	2
"2333"	0	3	0
"2334"	0	19	0
"2335"	0	59	0
"2336"	109	40	33
"2337"	0	0	6
"2338"	0	139	0
"2339"	11	10	66
"2340"	0	38	31
"2341"	0	396	0
"2342"	6169	0	0
"2343"	26	2323	248
"2344"	16	8492	63
"2345"	2602	39	159
"2346"	36	29	19
"2347"	6	157	3
"2348"	3	130	0
"2349"	0	41	0
"2350"	6	251	211
"2351"	6	2	28
"2352"	9	710	5
"2353"	0	237	4
"2354"	0	13	2
"2355"	2	313	29
"2356"	2289	183	291
"2357"	67	203	157
"2358"	46	31	68
"2359"	0	26	0
"2360"	0	0	0
"2361"	1018	12	214
"2362"	22	67	57
"2363"	11	1162	190
"2364"	249	786	41
"2365"	30	1674	35
"2366"	183	0	2
"2367"	121	19	93
"2368"	2	7	128
"2369"	1350	486	5176
"2370"	83	376	171
"2371"	1124	65	1367
"2372"	0	1498	0
"2373"	11	6	79
"2374"	100	11	45
"2375"	250	736	198
"2376"	52	106	121
"2377"	1373	22	255
"2378"	7	33	9
"2379"	500	2789	970
"2380"	4886	80	2868
"2381"	2	21	67
"2382"	0	6702	0
"2383"	0	1391	0
"2384"	0	179	4
"2385"	0	212	0
"2386"	239	14	0
"2387"	150	0	0
"2388"	14	51	12
"2389"	31	17	36
"2390"	2	219	9
"2391"	7	104	0
"2392"	0	1049	3
"2393"	106	24	133
"2394"	56	219	1623
"2395"	0	0	0
"2396"	2	74	0
"2397"	24	11	126
"2398"	0	0	0
"2399"	218	0	0
"2400"	17	1895	23
"2401"	0	10	0
"2402"	3	29	0
"2403"	64	71	494
"2404"	4	5	8
"2405"	28	20	38
"2406"	1	101	0
"2407"	0	0	0
"2408"	9	18	42
"2409"	32	13	88
"2410"	62	94	71
"2411"	4083	11695	25933
"2412"	4	5195	41
"2413"	0	0	0
"2414"	10	2	85
"2415"	38	1	28
"2416"	0	72	0
"2417"	0	2	0
"2418"	0	0	0
"2419"	38	11	10
"2420"	131	355	55
"2421"	18	23	33
"2422"	0	21	0
"2423"	21	63	36
"2424"	24	11	1107
"2425"	30	2	141
"2426"	20	0	5
"2427"	7	530	6
"2428"	0	1720	0
"2429"	0	713	0
"2430"	0	4	2
"2431"	7	94	7
"2432"	0	2	0
"2433"	2	140	3
"2434"	4	26	199
"2435"	1	161	0
"2436"	1117	275	513
"2437"	5	0	0
"2438"	0	257	0
"2439"	130	27	432
"2440"	2454	969	18808
"2441"	2	11	0
"2442"	47	351	82
"2443"	22	31	36
"2444"	0	93	0
"2445"	0	139	0
"2446"	0	5034	0
"2447"	26	32	15
"2448"	170	424	90
"2449"	0	13057	0
"2450"	0	3	0
"2451"	0	0	39
"2452"	7	2	17
"2453"	0	23	0
"2454"	14	18	224
"2455"	850	1502	1587
"2456"	552	12	11
"2457"	4	617	14
"2458"	37	30	25
"2459"	307	2313	95
"2460"	797	0	61
"2461"	50	2637	34
"2462"	0	1917	0
"2463"	53	248	98
"2464"	0	220	0
"2465"	12	73	56
"2466"	49	0	69
"2467"	9	17	0
"2468"	0	590	0
"2469"	22	46	27
"2470"	0	22	0
"2471"	287	502	381
"2472"	0	0	0
"2473"	79	5	48
"2474"	18	179	147
"2475"	0	113	0
"2476"	38	0	49
"2477"	9	149	0
"2478"	2	33	0
"2479"	0	6	0
"2480"	0	27	0
"2481"	5720	5147	264
"2482"	0	1803	0
"2483"	11	333	49
"2484"	0	122	0
"2485"	0	5067	12
"2486"	23	96	8
"2487"	56	128	641
"2488"	730	124	109
"2489"	0	0	0
"2490"	0	71	14
"2491"	27742	55	4223
"2492"	0	183	6
"2493"	61	9	479
"2494"	965	1122	1455
"2495"	21	78	28
"2496"	0	101	0
"2497"	0	0	4
"2498"	1144	4437	2398
"2499"	8	16	108
"2500"	37	112	135
"2501"	7	0	0
"2502"	0	24	1
"2503"	0	0	0
"2504"	6	7	5
"2505"	2905	91	2221
"2506"	185	900	68
"2507"	0	351	4
"2508"	0	543	21
"2509"	0	0	0
"2510"	0	0	0
"2511"	9	98	20
"2512"	4	33	42
"2513"	20	14	200
"2514"	13	226	8
"2515"	9455	3852	60325
"2516"	0	392	0
"2517"	0	41	2
"2518"	8	5	24
"2519"	128	93	36
"2520"	0	2	0
"2521"	439	0	19
"2522"	4	463	0
"2523"	132	8	4
"2524"	111	437	602
"2525"	0	93	0
"2526"	0	1506	0
"2527"	2	42	94
"2528"	0	25	0
"2529"	0	476	0
"2530"	0	416	2
"2531"	3541	125	509
"2532"	3	118	0
"2533"	17	6	72
"2534"	10	30	21
"2535"	5	43	84
"2536"	8	533	5
"2537"	7	353	170
"2538"	0	0	0
"2539"	22	5	104
"2540"	0	263	0
"2541"	0	629	6
"2542"	0	6	10
"2543"	4	4	7
"2544"	471	32	80
"2545"	0	11	0
"2546"	0	0	0
"2547"	0	0	370
"2548"	17	130	22
"2549"	6	182	7
"2550"	4	130	19
"2551"	100	2606	0
"2552"	16	90	65
"2553"	0	9	0
"2554"	8	4	13
"2555"	0	330	0
"2556"	0	3	0
"2557"	1	70	7
"2558"	91	10247	154
"2559"	0	87	0
"2560"	0	58	7
"2561"	0	586	0
"2562"	11	104	40
"2563"	0	345	0
"2564"	0	192	0
"2565"	70	28	82
"2566"	0	57	0
"2567"	0	1466	0
"2568"	0	60	0
"2569"	0	25	0
"2570"	2469	4384	4453
"2571"	55	39	59
"2572"	65	2841	647
"2573"	0	76	0
"2574"	0	6	0
"2575"	4	0	79
"2576"	0	9031	21
"2577"	900	1091	570
"2578"	0	10	0
"2579"	3	2	0
"2580"	97	0	176
"2581"	49	111	69
"2582"	112	22	171
"2583"	26	75	60
"2584"	65	145	178
"2585"	477	93	82
"2586"	4	3	1366
"2587"	0	304	0
"2588"	0	7	5
"2589"	11	51	44
"2590"	0	0	0
"2591"	4	10	0
"2592"	0	3	0
"2593"	29	949	23
"2594"	12	8	72
"2595"	125	264	99
"2596"	0	97	0
"2597"	0	0	0
"2598"	19	20	37
"2599"	4	74	9
"2600"	1	60	33
"2601"	430	21	184
"2602"	15759	19	6368
"2603"	382	0	137
"2604"	77	0	27
"2605"	3	6	1247
"2606"	45	88	54
"2607"	5	33	10
"2608"	10	76	91
"2609"	6	78	24
"2610"	31	35	11
"2611"	309	17	3927
"2612"	0	0	0
"2613"	14	28	31
"2614"	153	63	177
"2615"	10	28	5
"2616"	0	52	0
"2617"	41	5129	25
"2618"	3	5	7
"2619"	0	1371	0
"2620"	6	49	0
"2621"	0	5453	0
"2622"	37	5	53
"2623"	4	711	18
"2624"	0	6	0
"2625"	18	321	5
"2626"	0	0	0
"2627"	0	0	110
"2628"	0	16	0
"2629"	0	3621	0
"2630"	20	40	17
"2631"	703	15	2
"2632"	113	55	18
"2633"	0	277	5
"2634"	55	1759	48
"2635"	0	0	0
"2636"	6	8	0
"2637"	58	4647	261
"2638"	55	46	104
"2639"	4	7	4
"2640"	7	14	160
"2641"	0	38	0
"2642"	2	29	7
"2643"	159	214	171
"2644"	0	93	0
"2645"	0	59	0
"2646"	0	462	0
"2647"	0	0	0
"2648"	0	8	0
"2649"	0	198	0
"2650"	0	0	0
"2651"	10	7	17
"2652"	3591	0	168
"2653"	0	52	0
"2654"	651	1849	821
"2655"	5	13	60
"2656"	3	22	9
"2657"	0	794	64
"2658"	56	4	54
"2659"	64	11	13
"2660"	79	5	9
"2661"	13	7	37
"2662"	0	214	0
"2663"	6	1	66
"2664"	170	1418	518
"2665"	0	120	0
"2666"	11	53	403
"2667"	30	3138	27
"2668"	418	11	234
"2669"	0	0	0
"2670"	0	0	2210
"2671"	17	48	6
"2672"	221	289	901
"2673"	2	156	3
"2674"	11	50	35
"2675"	0	136	0
"2676"	0	0	241
"2677"	3110	2143	180
"2678"	0	10	0
"2679"	6	8	97
"2680"	0	13	115
"2681"	2	62	0
"2682"	9	110	0
"2683"	0	202	5
"2684"	63	7	7
"2685"	0	35	0
"2686"	7	92	22
"2687"	91	117	83
"2688"	18	1	11
"2689"	89	41	140
"2690"	20	6	228
"2691"	48	40	42
"2692"	0	14	0
"2693"	5	769	0
"2694"	0	1029	0
"2695"	23	116	9
"2696"	7669	5635	6476
"2697"	4	69	0
"2698"	0	0	0
"2699"	278	206	343
"2700"	182	258	254
"2701"	196	3	35
"2702"	0	722	0
"2703"	196	2	79
"2704"	0	68	0
"2705"	114	0	93
"2706"	421	472	457
"2707"	0	121	0
"2708"	0	16	0
"2709"	89	1801	411
"2710"	0	71	0
"2711"	278	10441	71
"2712"	0	172	0
"2713"	10793	1110	825
"2714"	4	20	41
"2715"	0	763	0
"2716"	1443	377	0
"2717"	0	37	0
"2718"	533	8	4
"2719"	55	166	65
"2720"	0	8832	0
"2721"	44	586	37
"2722"	0	60	0
"2723"	363	593	556
"2724"	0	5	0
"2725"	1335	1392	1266
"2726"	91	4	2
"2727"	0	99	0
"2728"	68	45	31
"2729"	0	97	0
"2730"	690	52	47
"2731"	0	3	0
"2732"	65	70	34
"2733"	0	0	0
"2734"	1037	24	1034
"2735"	58	0	53
"2736"	0	17	3
"2737"	0	1010	0
"2738"	154	16	130
"2739"	233	29	33
"2740"	4	208	6
"2741"	0	117	0
"2742"	1458	372	2954
"2743"	0	39	0
"2744"	20	186	34
"2745"	9	9	40
"2746"	8	4	0
"2747"	0	157	0
"2748"	19	199	4
"2749"	0	20	0
"2750"	0	0	0
"2751"	10	30	18
"2752"	13	3	117
"2753"	0	0	0
"2754"	40	844	18
"2755"	44	9019	89
"2756"	220	584	478
"2757"	27	88	12
"2758"	16	39	61
"2759"	4600	112	136
"2760"	210	241	48
"2761"	56	26	36
"2762"	141	119	149
"2763"	15	2330	17
"2764"	1	4	6
"2765"	248	24	3539
"2766"	540	40	90
"2767"	0	0	0
"2768"	77	266	60
"2769"	0	0	0
"2770"	0	4	0
"2771"	0	5	236
"2772"	12	5	85
"2773"	7	430	0
"2774"	81	3	9
"2775"	563	0	0
"2776"	47	41	104
"2777"	49	2	10
"2778"	1360	128	11572
"2779"	0	10656	128
"2780"	0	82	0
"2781"	11	49	18
"2782"	18	7	268
"2783"	266	67	215
"2784"	0	155	0
"2785"	0	0	0
"2786"	0	40	5
"2787"	50	137	32
"2788"	12	20	3
"2789"	1	463	9
"2790"	35	26	31
"2791"	73	33531	57
"2792"	0	18	0
"2793"	20	260	4
"2794"	13	47	23
"2795"	124	5	171
"2796"	137	91	172
"2797"	26	104	117
"2798"	48	1324	36
"2799"	0	35	0
"2800"	0	2	200
"2801"	0	27	0
"2802"	8	9455	61
"2803"	3	0	135
"2804"	0	104	0
"2805"	16	267	1
"2806"	1269	26	0
"2807"	3	35	6
"2808"	24	88	0
"2809"	0	0	0
"2810"	0	52	2
"2811"	66	292	9
"2812"	40	916	9133
"2813"	107	0	0
"2814"	35	163	68
"2815"	76	4	66
"2816"	15	2	88
"2817"	528	245	654
"2818"	30	39	10
"2819"	7609	231	12104
"2820"	164	74	208
"2821"	7	741	3
"2822"	642	16292	250
"2823"	511	12	68
"2824"	776	113	4
"2825"	54	189	284
"2826"	4	74	36
"2827"	0	490	0
"2828"	92	15	76
"2829"	0	129	0
"2830"	64	12	12
"2831"	0	19	0
"2832"	0	8	19
"2833"	0	56	0
"2834"	0	129	0
"2835"	27	32	34
"2836"	5	141	14
"2837"	0	322	0
"2838"	0	296	0
"2839"	10	9043	0
"2840"	145	228	219
"2841"	157	11	16
"2842"	41	5005	195
"2843"	10	25	7
"2844"	0	1234	0
"2845"	21	0	29
"2846"	157	1881	167
"2847"	0	72	0
"2848"	8	69	0
"2849"	37	47	172
"2850"	765	252	677
"2851"	111	7	559
"2852"	11	3047	9
"2853"	55	2	15
"2854"	6	4	11
"2855"	40	20	13
"2856"	58	67	74
"2857"	0	155	8
"2858"	0	70	0
"2859"	169	8	73
"2860"	9	54	5
"2861"	0	154	2
"2862"	0	28	0
"2863"	1881	0	206
"2864"	92	42	4
"2865"	19	34	108
"2866"	0	221	0
"2867"	0	41	2
"2868"	0	71	0
"2869"	0	0	0
"2870"	435	8	651
"2871"	22	175	36
"2872"	0	162	0
"2873"	0	4915	0
"2874"	0	2785	7
"2875"	11	28	132
"2876"	4222	1052	23508
"2877"	5	0	20
"2878"	0	5	0
"2879"	0	4	0
"2880"	0	0	0
"2881"	361	43	313
"2882"	2	29	121
"2883"	376	343	234
"2884"	0	43	0
"2885"	0	35	0
"2886"	5	857	17
"2887"	4	166	0
"2888"	2	2	0
"2889"	1	85	0
"2890"	285	33	85
"2891"	798	436	1115
"2892"	95	137	916
"2893"	16	9	63
"2894"	0	37	7
"2895"	0	1676	0
"2896"	37	300	61
"2897"	0	8	0
"2898"	710	423	883
"2899"	0	4	0
"2900"	87	543	2099
"2901"	10	432	51
"2902"	25	107	68
"2903"	0	206	0
"2904"	87	146	96
"2905"	0	0	0
"2906"	0	24	5
"2907"	0	0	0
"2908"	25	21	140
"2909"	335	1039	176
"2910"	195	9	36
"2911"	10	16	7
"2912"	0	14	3
"2913"	212	6	386
"2914"	583	508	846
"2915"	70	22	2938
"2916"	0	0	0
"2917"	0	38	0
"2918"	0	42	0
"2919"	0	304	2
"2920"	3	33	3
"2921"	11	5	248
"2922"	4	33	11
"2923"	0	286	0
"2924"	3	45	5
"2925"	981	278	467
"2926"	332	14	8
"2927"	0	10	2
"2928"	11	92	4
"2929"	0	563	6
"2930"	0	106	22
"2931"	0	117	0
"2932"	0	7	0
"2933"	0	98	0
"2934"	0	44	0
"2935"	0	0	0
"2936"	8	7	6
"2937"	0	83	8
"2938"	13	68	39
"2939"	40	55	52
"2940"	1767	0	311
"2941"	8	84	26
"2942"	6	89	200
"2943"	524	109	312
"2944"	0	42	0
"2945"	0	3	0
"2946"	0	430	3
"2947"	0	0	0
"2948"	1023	251	1006
"2949"	0	16	0
"2950"	41	8	61
"2951"	2	9	0
"2952"	6236	2506	2799
"2953"	54	28	17
"2954"	0	651	0
"2955"	4	6	73
"2956"	282	79	622
"2957"	0	659	0
"2958"	0	3365	8
"2959"	0	4	103
"2960"	255	63	362
"2961"	0	523	0
"2962"	0	89	22
"2963"	0	11	0
"2964"	0	90	4
"2965"	0	106	0
"2966"	0	32	1
"2967"	277	157	660
"2968"	36	4	21
"2969"	0	67	5
"2970"	640	309	264
"2971"	168	45	200
"2972"	31	28	249
"2973"	17	8	21
"2974"	86	2625	164
"2975"	725	1	117
"2976"	104	36	136
"2977"	0	214	2
"2978"	0	696	0
"2979"	7934	17995	23624
"2980"	14	54	39
"2981"	2264	33	32
"2982"	1821	33	425
"2983"	2	0	6
"2984"	0	144	0
"2985"	8	127	24
"2986"	0	1409	0
"2987"	2	75	12
"2988"	190	2	0
"2989"	0	0	0
"2990"	106	27702	199
"2991"	12	22	13
"2992"	13	460	11
"2993"	48	28	80
"2994"	32	108	95
"2995"	0	233	0
"2996"	74	112	2091
"2997"	18	165	385
"2998"	18	278	4
"2999"	0	144	0
"3000"	1	98	5
"3001"	0	98	0
"3002"	3	51	0
"3003"	44	4	109
"3004"	9	7	151
"3005"	8	1091	3
"3006"	99	111	150
"3007"	4	28	25
"3008"	0	71	0
"3009"	49	3	285
"3010"	11	49	24
"3011"	22	13	29
"3012"	538	15	90
"3013"	0	414	0
"3014"	16	5	1
"3015"	0	0	0
"3016"	153	33	35
"3017"	306	19	3661
"3018"	0	4	0
"3019"	71	9161	84
"3020"	0	317	0
"3021"	6	1143	33
"3022"	0	266	0
"3023"	105	36	163
"3024"	13	27	64
"3025"	0	1129	20
"3026"	189	5	154
"3027"	7	56	0
"3028"	40	24	75
"3029"	0	53	0
"3030"	0	154	0
"3031"	237	309	354
"3032"	31	15	34
"3033"	21	7	195
"3034"	0	165	4
"3035"	0	26	0
"3036"	35	23	32
"3037"	0	7	0
"3038"	39030	268	4487
"3039"	472	159	2366
"3040"	5	82	15
"3041"	0	142	0
"3042"	0	2075	0
"3043"	409	0	7
"3044"	1514	1	2
"3045"	0	17	0
"3046"	180	201	11
"3047"	0	7	0
"3048"	4	47	0
"3049"	0	269	0
"3050"	124	92	244
"3051"	77	78	63
"3052"	3459	1075	762
"3053"	871	12	82
"3054"	616	2	45
"3055"	0	2	0
"3056"	0	35	2
"3057"	9	1469	87
"3058"	72	53	1582
"3059"	7	0	540
"3060"	1512	17	182
"3061"	0	244	0
"3062"	22	0	15
"3063"	17	42	21
"3064"	19242	322	130
"3065"	0	646	0
"3066"	0	90	0
"3067"	347	417	7332
"3068"	0	62	18
"3069"	0	1851	10
"3070"	0	17	0
"3071"	0	587	0
"3072"	233	139	76
"3073"	3009	55	86
"3074"	0	160	0
"3075"	0	13	0
"3076"	365	46	766
"3077"	0	0	0
"3078"	18	33	23
"3079"	0	40	0
"3080"	817	2	84
"3081"	0	0	7
"3082"	41	2	104
"3083"	0	147	0
"3084"	0	582	0
"3085"	54	16	17
"3086"	4	103	7
"3087"	0	0	0
"3088"	43	115	17
"3089"	0	1331	0
"3090"	0	151	0
"3091"	665	143	437
"3092"	76	45	139
"3093"	9	79	12
"3094"	0	2937	30
"3095"	0	3	0
"3096"	35	59	38
"3097"	5	247	36
"3098"	2	1	181
"3099"	5	8	72
"3100"	0	27	97
"3101"	7	78	20
"3102"	188	143	211
"3103"	0	143	0
"3104"	44	218	58
"3105"	8	18	52
"3106"	0	61	0
"3107"	5	235	43
"3108"	0	84	0
"3109"	0	888	0
"3110"	10	79	6
"3111"	19	135	31
"3112"	2	37	9
"3113"	12559	3797	22008
"3114"	9	38	3
"3115"	0	18	0
"3116"	17	102	10
"3117"	282	1340	2370
"3118"	0	35	20
"3119"	7	235	133
"3120"	123	151	23
"3121"	40	9	36
"3122"	0	8908	0
"3123"	0	67	0
"3124"	5	74	21
"3125"	0	0	0
"3126"	114	116	6
"3127"	0	123	0
"3128"	0	0	0
"3129"	97	0	0
"3130"	48	113	15
"3131"	1520	32	727
"3132"	0	6	0
"3133"	7	88	10
"3134"	11	556	28
"3135"	986	4080	4200
"3136"	0	63	9
"3137"	41	25	25
"3138"	0	50	4
"3139"	44	234	83
"3140"	0	77	6
"3141"	0	68	0
"3142"	10	11	6
"3143"	1	4	85
"3144"	52	38	275
"3145"	3774	110	452
"3146"	0	1124	5
"3147"	0	257	0
"3148"	7	64	0
"3149"	6	16	22
"3150"	3	8	0
"3151"	27	39	221
"3152"	120	67	128
"3153"	64	3052	8
"3154"	75	1476	427
"3155"	0	1385	0
"3156"	6989	288	292
"3157"	183	0	259
"3158"	93	81	356
"3159"	9	56	96
"3160"	0	518	0
"3161"	0	9	0
"3162"	0	24	0
"3163"	20	1394	79
"3164"	3	152	3
"3165"	38	358	5
"3166"	0	0	0
"3167"	14221	58	717
"3168"	74	42	3
"3169"	0	18	0
"3170"	0	64	3
"3171"	0	1038	0
"3172"	20	21	39
"3173"	42	88	23
"3174"	0	141	2
"3175"	21	61	26
"3176"	91	2	49
"3177"	0	15	0
"3178"	12	2	3
"3179"	12	39	9
"3180"	2	25	8
"3181"	19	67	54
"3182"	70	6	48
"3183"	0	570	0
"3184"	5	3	41
"3185"	0	147	7
"3186"	12	268	5
"3187"	2	45	34
"3188"	0	24	0
"3189"	0	2109	8
"3190"	0	199	0
"3191"	267	22	16
"3192"	0	1354	0
"3193"	0	296	0
"3194"	3	87	2
"3195"	0	86	0
"3196"	141	1427	104
"3197"	2022	275	1208
"3198"	9	30	3
"3199"	0	0	1942
"3200"	0	9	0
"3201"	0	82	11
"3202"	0	202	80
"3203"	23	28	95
"3204"	109	35	45
"3205"	0	88	0
"3206"	0	0	0
"3207"	3712	326	947
"3208"	0	7	0
"3209"	9	630	20
"3210"	0	15	0
"3211"	25	50	56
"3212"	3	2324	9
"3213"	0	130	4
"3214"	58	52	38
"3215"	1871	2069	1732
"3216"	296	0	37
"3217"	0	145	0
"3218"	0	5	0
"3219"	15	357	66
"3220"	69	33	49
"3221"	0	71	0
"3222"	0	46	0
"3223"	4	144	8
"3224"	0	465	29
"3225"	0	26	0
"3226"	1196	1405	1525
"3227"	0	0	0
"3228"	13	893	6
"3229"	122	72	119
"3230"	2	10	16
"3231"	0	128	0
"3232"	0	6	0
"3233"	162	27	95
"3234"	38	126	27
"3235"	0	1	0
"3236"	0	12	0
"3237"	0	0	0
"3238"	2683	58	116
"3239"	27	15	42
"3240"	18	400	0
"3241"	13	6	19
"3242"	0	15	0
"3243"	70	2	242
"3244"	56	168	48
"3245"	257	3	9
"3246"	15	0	15
"3247"	2	105	0
"3248"	0	3	0
"3249"	0	7	0
"3250"	0	3780	26
"3251"	0	49	0
"3252"	0	15	0
"3253"	830	29	21
"3254"	0	1138	0
"3255"	1305	174	242
"3256"	0	11	0
"3257"	18	154	0
"3258"	0	9	4
"3259"	169	1230	187
"3260"	16	9	98
"3261"	3	11	5
"3262"	0	23	12
"3263"	280	96	173
"3264"	407	1209	354
"3265"	5	524	2
"3266"	0	171	0
"3267"	23	339	18
"3268"	14	11	311
"3269"	53	8	38
"3270"	65	189	134
"3271"	303	3028	3261
"3272"	197	243	313
"3273"	59	19	79
"3274"	89	39	21
"3275"	0	218	0
"3276"	28	0	88
"3277"	99	12	45
"3278"	56	72	187
"3279"	1	34	6
"3280"	14	140	2
"3281"	55	0	3335
"3282"	0	3	0
"3283"	11697	180	250
"3284"	0	332	0
"3285"	477	10	0
"3286"	23	2	740
"3287"	13	12	22
"3288"	24	4	41
"3289"	60	764	56
"3290"	0	91	7
"3291"	24	29	113
"3292"	0	0	0
"3293"	7	16	34
"3294"	37	51	82
"3295"	0	413	0
"3296"	0	68	0
"3297"	0	1012	8
"3298"	173	910	33
"3299"	0	284	17
"3300"	81	19	245
"3301"	0	245	0
"3302"	28	10	71
"3303"	86	255	193
"3304"	0	2	0
"3305"	21	37	3
"3306"	53	2	561
"3307"	0	29	0
"3308"	4	36	2
"3309"	0	58	0
"3310"	174	2	193
"3311"	20	1662	4
"3312"	0	60	0
"3313"	17	37	9833
"3314"	0	16	0
"3315"	65	2	55
"3316"	2	1	2
"3317"	2	3	0
"3318"	17	47	23
"3319"	0	23	0
"3320"	7	2478	13
"3321"	3	2713	16
"3322"	2	27	10
"3323"	21	111	564
"3324"	637	1462	1113
"3325"	13	295	13
"3326"	20	16	88
"3327"	38	8	32
"3328"	2	46	2
"3329"	0	4641	0
"3330"	0	9	0
"3331"	8	0	76
"3332"	79	110	37
"3333"	0	0	0
"3334"	136	767	2
"3335"	0	31	1
"3336"	0	191	0
"3337"	70	499	110
"3338"	18	932	57
"3339"	0	112	0
"3340"	113	3	10
"3341"	988	1022	1739
"3342"	146	10	532
"3343"	11	167	7
"3344"	15	27	43
"3345"	0	40	0
"3346"	101	0	1
"3347"	89	8236	111
"3348"	108	4	2
"3349"	13	12	11
"3350"	63	652	115
"3351"	22	91	13
"3352"	23	336	0
"3353"	190	1259	32
"3354"	0	90	0
"3355"	141	32	1767
"3356"	69	364	221
"3357"	0	92	0
"3358"	35	0	10
"3359"	42	30	36
"3360"	272	570	89
"3361"	62	21	71
"3362"	66	308	298
"3363"	0	222	0
"3364"	0	8	0
"3365"	207	23	194
"3366"	37	14	47
"3367"	0	19	0
"3368"	0	110	0
"3369"	3	65	0
"3370"	147	0	2355
"3371"	43	135	16
"3372"	0	38	0
"3373"	0	3	0
"3374"	13	32	56
"3375"	0	1379	0
"3376"	5	100	3
"3377"	0	8	0
"3378"	8	11	0
"3379"	0	30	0
"3380"	4	18	256
"3381"	0	0	0
"3382"	8	49	5
"3383"	77	12	94
"3384"	480	839	551
"3385"	333	183	450
"3386"	32	154	168
"3387"	0	18	0
"3388"	0	284	0
"3389"	248	1718	431
"3390"	70	106	167
"3391"	0	734	0
"3392"	107	49	39
"3393"	0	48	2
"3394"	0	71	0
"3395"	89	392	134
"3396"	301	365	1334
"3397"	9	71	4
"3398"	0	0	156
"3399"	2754	13463	2452
"3400"	49	59	116
"3401"	0	0	10
"3402"	0	16	5
"3403"	10	0	12
"3404"	109	2822	78
"3405"	0	0	0
"3406"	2	505	13
"3407"	12	171	340
"3408"	0	51	22
"3409"	0	383	0
"3410"	0	0	0
"3411"	22	299	51
"3412"	7	8	3
"3413"	44	217	158
"3414"	0	3764	0
"3415"	0	2181	0
"3416"	6	1437	6
"3417"	3	6	4
"3418"	9	0	118
"3419"	0	800	0
"3420"	0	62	16
"3421"	347	2	1157
"3422"	2	10	15
"3423"	0	23	0
"3424"	9	7	9
"3425"	0	113	0
"3426"	3	1071	0
"3427"	0	0	0
"3428"	0	22956	0
"3429"	2	223	2
"3430"	34	3	62
"3431"	0	19	0
"3432"	0	2794	48
"3433"	10	414	5
"3434"	0	70	0
"3435"	0	1073	0
"3436"	0	105	0
"3437"	0	66	4
"3438"	0	33	0
"3439"	0	0	0
"3440"	0	83	6907
"3441"	0	78	0
"3442"	0	691	9
"3443"	4	210	0
"3444"	0	189	0
"3445"	27	147	10
"3446"	7	6	12
"3447"	64	75	159
"3448"	614	16	135
"3449"	9	4	173
"3450"	9	6	30
"3451"	271	213	426
"3452"	9	11	108
"3453"	0	75	0
"3454"	82	4	14
"3455"	9	0	14
"3456"	78	767	84
"3457"	79	521	4
"3458"	0	37	4
"3459"	404	97	95
"3460"	6	7	34
"3461"	0	0	67
"3462"	40	1	6
"3463"	72	0	2
"3464"	0	10	618
"3465"	46	23	21
"3466"	0	15	0
"3467"	0	0	0
"3468"	0	212	0
"3469"	45	14	94
"3470"	35	80	12
"3471"	0	8	253
"3472"	1	78	5
"3473"	0	4	0
"3474"	83	322	31
"3475"	32	17	34
"3476"	0	188	8
"3477"	0	18	0
"3478"	7	9	25
"3479"	0	0	0
"3480"	0	39	0
"3481"	8	13	1
"3482"	0	0	0
"3483"	464	5	5
"3484"	13	315	31
"3485"	16	0	52
"3486"	8	13	7
"3487"	0	0	13
"3488"	0	27	0
"3489"	0	75	0
"3490"	0	144	5
"3491"	1188	1096	3897
"3492"	932	6	5
"3493"	0	127	0
"3494"	8	198	0
"3495"	0	12	0
"3496"	78	6	0
"3497"	33	111	11
"3498"	313	0	31
"3499"	0	88	0
"3500"	3	13	11
"3501"	0	943	0
"3502"	3801	741	526
"3503"	716	3642	68
"3504"	0	0	0
"3505"	0	114	0
"3506"	0	6	146
"3507"	9	5	0
"3508"	0	0	0
"3509"	0	36	0
"3510"	0	237	0
"3511"	0	6	0
"3512"	0	28	2
"3513"	0	179	6
"3514"	4	5	6
"3515"	0	380	0
"3516"	35	108	33
"3517"	12	43	26
"3518"	10	234	15
"3519"	58	192	1397
"3520"	0	11	6
"3521"	0	79	0
"3522"	7	86	0
"3523"	10	468	8
"3524"	4	5	58
"3525"	18	309	14
"3526"	0	92	0
"3527"	0	133	0
"3528"	0	0	2
"3529"	0	52	0
"3530"	45	15165	36
"3531"	119	74	106
"3532"	0	169	0
"3533"	0	215	0
"3534"	0	937	0
"3535"	3	500	3
"3536"	0	281	0
"3537"	21	573	25
"3538"	10	1030	339
"3539"	46	8	5
"3540"	58	71	123
"3541"	20	398	7
"3542"	385	441	572
"3543"	113	68	41
"3544"	77	251	171
"3545"	0	408	11
"3546"	25	1516	244
"3547"	0	119	0
"3548"	67	6431	134
"3549"	9	177	4
"3550"	17	7	40
"3551"	4	45	140
"3552"	0	261	0
"3553"	240	11	152
"3554"	64	20872	73
"3555"	11	43	32
"3556"	399	390	61
"3557"	18	11	4
"3558"	0	12204	61
"3559"	0	51	0
"3560"	60	118	159
"3561"	0	0	0
"3562"	6	3099	18
"3563"	0	2	132
"3564"	17	28	57
"3565"	156	30	548
"3566"	591	1780	157
"3567"	20	1182	50
"3568"	0	282	0
"3569"	12	282	14
"3570"	11	130	8
"3571"	0	77	0
"3572"	13	16	243
"3573"	61	12	45
"3574"	0	0	0
"3575"	18	10	32
"3576"	5	58	15
"3577"	0	366	7
"3578"	45	8	124
"3579"	2	274	1
"3580"	0	0	555
"3581"	14	27	21
"3582"	0	77	0
"3583"	36	285	195
"3584"	407	89	706
"3585"	0	13	0
"3586"	0	336	4
"3587"	1253	14	96
"3588"	0	3317	0
"3589"	4	451	9
"3590"	24	31	44
"3591"	0	9	0
"3592"	37	796	25
"3593"	181	462	116
"3594"	0	151	2
"3595"	29	219	71
"3596"	133	1090	9
"3597"	275	45	69
"3598"	0	299	0
"3599"	486	243	118
"3600"	3	0	92
"3601"	0	2	3
"3602"	36	0	171
"3603"	0	17	0
"3604"	0	7	0
"3605"	0	7	7
"3606"	4	276	2
"3607"	1	0	9
"3608"	0	10	2
"3609"	55	3	42
"3610"	0	3	0
"3611"	2	32	21
"3612"	215	11	125
"3613"	0	0	113
"3614"	6	4	11
"3615"	27	604	10
"3616"	0	183	0
"3617"	30	9	257
"3618"	112	163	233
"3619"	0	16	0
"3620"	2071	4818	4078
"3621"	0	170	0
"3622"	0	0	0
"3623"	1512	1246	7
"3624"	19	3	15
"3625"	19	46	24
"3626"	8	65	10
"3627"	0	6	118
"3628"	44	75	57
"3629"	0	44	3
"3630"	3	1422	0
"3631"	0	46	0
"3632"	436	298	149
"3633"	2	15	0
"3634"	5	7	224
"3635"	81	33	101
"3636"	122	10086	202
"3637"	0	27	0
"3638"	39	162	642
"3639"	355	2117	83
"3640"	0	4	0
"3641"	100	872	987
"3642"	3	122	439
"3643"	206	17	23
"3644"	2877	9	1066
"3645"	0	70	0
"3646"	34	13	5
"3647"	0	116	0
"3648"	84	42	45
"3649"	4199	3300	5844
"3650"	0	36	67
"3651"	0	72	0
"3652"	3	57	8
"3653"	39	1333	341
"3654"	0	86	6
"3655"	136	4	4
"3656"	0	350	0
"3657"	0	2339	0
"3658"	5	56	85
"3659"	124	370	443
"3660"	0	2	0
"3661"	7	11	0
"3662"	0	2448	0
"3663"	369	13	513
"3664"	2	0	0
"3665"	26	332	981
"3666"	93	753	183
"3667"	639	3	135
"3668"	0	274	0
"3669"	13	3665	605
"3670"	0	8	0
"3671"	0	4	0
"3672"	10	126	39
"3673"	1	79	0
"3674"	62	18	77
"3675"	38	17	12
"3676"	89	59	149
"3677"	228	0	0
"3678"	0	10	141
"3679"	45	86	53
"3680"	55	24	42
"3681"	5	82	6
"3682"	32	697	111
"3683"	0	287	0
"3684"	0	596	0
"3685"	0	9	32
"3686"	0	0	0
"3687"	6	289	48
"3688"	36	48	18
"3689"	0	440	3
"3690"	0	47	0
"3691"	0	1971	16
"3692"	0	37	0
"3693"	0	16	0
"3694"	0	168	5
"3695"	196	109	355
"3696"	0	3	0
"3697"	0	256	21
"3698"	0	872	0
"3699"	52	108	61
"3700"	22	20	3
"3701"	35	240	67
"3702"	769	18	164
"3703"	113	53	309
"3704"	8	5	34
"3705"	59	14	17
"3706"	0	4267	54
"3707"	49	32	91
"3708"	9	101	2
"3709"	4	349	0
"3710"	2	279	0
"3711"	283	3	0
"3712"	327	317	431
"3713"	5	103	0
"3714"	82	4	61
"3715"	25	49	0
"3716"	24	4	46
"3717"	20	45	35
"3718"	25	35	10
"3719"	0	327	0
"3720"	0	663	3
"3721"	0	78	2
"3722"	0	0	0
"3723"	5	171	6
"3724"	0	76	7
"3725"	17	15	22
"3726"	0	14	0
"3727"	0	1399	0
"3728"	0	26	0
"3729"	212	27	6827
"3730"	0	0	2389
"3731"	719	178	1064
"3732"	194	6	3
"3733"	7	187	3
"3734"	45	5	236
"3735"	0	94	0
"3736"	134	9	19
"3737"	582	2	111
"3738"	0	4	0
"3739"	25	39	47
"3740"	0	90	0
"3741"	152	1616	419
"3742"	0	25	0
"3743"	47	15	38
"3744"	0	24	0
"3745"	3456	92	471
"3746"	0	778	0
"3747"	2052	0	117
"3748"	6	1761	0
"3749"	0	26	0
"3750"	11	80	41
"3751"	10	3372	16
"3752"	172	2	51
"3753"	0	652	0
"3754"	0	3128	10
"3755"	24	52	73
"3756"	21	180	19
"3757"	0	958	0
"3758"	0	101	0
"3759"	34	5	194
"3760"	0	226	0
"3761"	0	188	3
"3762"	18	105	149
"3763"	12	4	153
"3764"	17	14	12
"3765"	175	473	113
"3766"	0	57	0
"3767"	0	51	0
"3768"	0	199	0
"3769"	22	13	15
"3770"	13	26	34
"3771"	132	8	279
"3772"	8	0	428
"3773"	19	93	0
"3774"	25	47	19
"3775"	39	197	21
"3776"	100	315	94
"3777"	0	4	0
"3778"	0	7	0
"3779"	0	118	3
"3780"	3	12	5
"3781"	5	2	6
"3782"	2	89	0
"3783"	17	4611	22
"3784"	0	82	0
"3785"	19	6	89
"3786"	0	209	0
"3787"	74	0	123
"3788"	28	938	9
"3789"	11	0	26
"3790"	13	77	7
"3791"	11	15	13
"3792"	2	129	53
"3793"	154	22	122
"3794"	0	88	0
"3795"	39	6	22
"3796"	15	23049	0
"3797"	0	12	138
"3798"	2	33	1
"3799"	0	12	0
"3800"	18	83	22
"3801"	13	129	38
"3802"	21	37	15
"3803"	8	60	6
"3804"	274	229	430
"3805"	85	12	33
"3806"	23	187	13
"3807"	28	108	83
"3808"	5	15	19
"3809"	0	253	0
"3810"	0	130	0
"3811"	3	33	0
"3812"	0	90	0
"3813"	385	6	172
"3814"	396	145	680
"3815"	133	3	0
"3816"	84	164	137
"3817"	95	132	137
"3818"	0	93	2
"3819"	94	8	22
"3820"	3	30	56
"3821"	0	22	0
"3822"	0	21	0
"3823"	0	405	0
"3824"	0	0	0
"3825"	31	17	13
"3826"	0	5	0
"3827"	37	7	26
"3828"	0	30	0
"3829"	107	1280	27
"3830"	9	13	38
"3831"	0	119	0
"3832"	0	163	0
"3833"	743	0	818
"3834"	2525	21	64
"3835"	7	105	0
"3836"	0	0	0
"3837"	0	173	0
"3838"	127	5	98
"3839"	238	7	12
"3840"	0	33	0
"3841"	40	56	43
"3842"	32	63	77
"3843"	37	67	42
"3844"	0	361	0
"3845"	16	29	2
"3846"	47	24	233
"3847"	0	0	0
"3848"	303	7	271
"3849"	0	2019	5
"3850"	0	13	0
"3851"	0	30	0
"3852"	137	341	100
"3853"	0	413	0
"3854"	11	37	19
"3855"	55	274	126
"3856"	24	1604	34
"3857"	0	115	0
"3858"	0	14	0
"3859"	0	6	0
"3860"	150	122	63
"3861"	28	1847	0
"3862"	0	31	0
"3863"	1425	220	1303
"3864"	92	92	153
"3865"	0	59	0
"3866"	0	0	0
"3867"	2	136	9
"3868"	41	11	34
"3869"	68	141	266
"3870"	0	425	0
"3871"	12	1593	32
"3872"	0	26167	0
"3873"	619	1046	424
"3874"	0	5839	0
"3875"	0	0	0
"3876"	31	325	598
"3877"	0	17	0
"3878"	4	76	3
"3879"	0	61	0
"3880"	337	3	12
"3881"	19	8	444
"3882"	180	11	10
"3883"	0	208	0
"3884"	0	132	0
"3885"	0	112	0
"3886"	31	8	110
"3887"	44	25	53
"3888"	0	26	0
"3889"	0	610	0
"3890"	206	76	1216
"3891"	12	2804	66
"3892"	10	250	6
"3893"	7	4	0
"3894"	29	113	21
"3895"	0	20	22
"3896"	11	9	63
"3897"	172	6	230
"3898"	0	2504	20
"3899"	1	129	0
"3900"	1326	231	1631
"3901"	0	96	0
"3902"	1	12	8
"3903"	1562	0	1613
"3904"	162	35	10
"3905"	0	8	1
"3906"	1	21	4
"3907"	27	10	47
"3908"	0	3	2
"3909"	36	11	131
"3910"	83	91	14
"3911"	225	0	2
"3912"	0	13	0
"3913"	7	98	3
"3914"	44	14	87
"3915"	2	7	58
"3916"	85	71	25
"3917"	0	0	0
"3918"	6	45	33
"3919"	0	3	0
"3920"	0	55479	0
"3921"	0	26	0
"3922"	27	42	43
"3923"	0	9	0
"3924"	69	1023	69
"3925"	127	68	312
"3926"	0	94	0
"3927"	0	34	0
"3928"	31	16	132
"3929"	6	201	6
"3930"	378	2	27
"3931"	6	24	28
"3932"	0	23	6
"3933"	14	137	0
"3934"	0	98	0
"3935"	29	323	144
"3936"	27	57	576
"3937"	0	28	0
"3938"	109	0	8
"3939"	28	8	78
"3940"	62	62	23
"3941"	0	34	0
"3942"	1940	316	95
"3943"	0	2	0
"3944"	199	1201	94
"3945"	0	30	0
"3946"	0	13	0
"3947"	3087	6033	22925
"3948"	1352	27	18
"3949"	106	59	5
"3950"	0	420	0
"3951"	3	36	0
"3952"	0	265	7
"3953"	93	277	67
"3954"	0	20	0
"3955"	0	3	0
"3956"	38	2275	0
"3957"	352	146	67
"3958"	288	2819	926
"3959"	14	74	41
"3960"	621	10735	2511
"3961"	6	29	0
"3962"	0	9	0
"3963"	32	299	84
"3964"	1112	50	269
"3965"	0	0	0
"3966"	0	196	0
"3967"	38	144	96
"3968"	123	1772	143
"3969"	69	6684	37
"3970"	70	313	54
"3971"	224	2658	174
"3972"	18	73	11
"3973"	0	587	0
"3974"	98	10	100
"3975"	406	15	92
"3976"	134	147	225
"3977"	0	132	0
"3978"	3	116	9
"3979"	9	797	50
"3980"	0	0	0
"3981"	4911	6	2833
"3982"	257	1015	669
"3983"	3	121	16
"3984"	75	8	16
"3985"	10	203	0
"3986"	210	24	533
"3987"	0	66	0
"3988"	0	11	87
"3989"	19	10	14
"3990"	0	7	0
"3991"	4	0	135
"3992"	27	227	70
"3993"	0	35	0
"3994"	52	752	51
"3995"	9	8	4
"3996"	0	329	0
"3997"	0	383	0
"3998"	0	559	8
"3999"	171	7745	9
"4000"	12	8	60
"4001"	700	52	563
"4002"	789	3	34
"4003"	8	97	0
"4004"	1	210	7
"4005"	0	0	0
"4006"	63	9	223
"4007"	40	616	102
"4008"	24	15	28
"4009"	71	60	185
"4010"	0	0	0
"4011"	0	17	0
"4012"	34	22	56
"4013"	3	106	0
"4014"	0	17	0
"4015"	0	66	0
"4016"	0	686	0
"4017"	6	19	6
"4018"	1	0	205
"4019"	0	109	0
"4020"	11	63	72
"4021"	8	44	22
"4022"	0	78	5
"4023"	0	100	0
"4024"	0	128	0
"4025"	185	30	34
"4026"	0	94	0
"4027"	85	244	61
"4028"	7	385	2
"4029"	0	436	0
"4030"	19	1209	72
"4031"	0	372	0
"4032"	10	455	0
"4033"	0	9	2
"4034"	9	12	137
"4035"	10	24	128
"4036"	11	137	34
"4037"	8	37	0
"4038"	160	105	247
"4039"	0	144	41
"4040"	443	129	337
"4041"	0	236	6
"4042"	60	3	26
"4043"	3	208	0
"4044"	106	577	68
"4045"	0	14	0
"4046"	0	66	3
"4047"	1	12	108
"4048"	36	54	40
"4049"	29	198	47
"4050"	13	0	15
"4051"	35	756	14
"4052"	4	2	42
"4053"	0	121	2
"4054"	0	153	0
"4055"	0	1630	0
"4056"	67	126	111
"4057"	0	344	2
"4058"	24	36	52
"4059"	22	0	189
"4060"	10	1515	30
"4061"	0	243	0
"4062"	9	36	4
"4063"	6	152	0
"4064"	2	125	0
"4065"	112	1	27
"4066"	0	10	0
"4067"	0	68	0
"4068"	0	19	0
"4069"	36	23	29
"4070"	61	76	43
"4071"	0	107	4
"4072"	822	8	43
"4073"	1270	831	1961
"4074"	3220	1169	7690
"4075"	0	439	0
"4076"	19	2	4
"4077"	184	320	1053
"4078"	0	0	1110
"4079"	188	0	32
"4080"	27	2984	104
"4081"	119	56	42
"4082"	0	0	0
"4083"	69	18	83
"4084"	37	1868	214
"4085"	13	0	70
"4086"	0	1	388
"4087"	4	102	3
"4088"	0	143	0
"4089"	0	449	0
"4090"	19	0	0
"4091"	15	59	5
"4092"	2	63	2
"4093"	0	2622	0
"4094"	25	13	39
"4095"	2	224	0
"4096"	34	746	17
"4097"	3	299	22
"4098"	0	36	0
"4099"	0	111	0
"4100"	51	21	0
"4101"	0	126	6
"4102"	0	4628	0
"4103"	0	5	0
"4104"	6	2281	37
"4105"	2	41	0
"4106"	467	140	136
"4107"	18	5	61
"4108"	0	6	0
"4109"	21	571	62
"4110"	103	16	89
"4111"	15	0	165
"4112"	172	20	20
"4113"	0	237	0
"4114"	0	81	29
"4115"	15	0	67
"4116"	0	9246	0
"4117"	128	10	923
"4118"	0	112	0
"4119"	5	504	0
"4120"	6	168	0
"4121"	6	2	284
"4122"	51	340	245
"4123"	4	0	76
"4124"	149	991	141
"4125"	105	6	20
"4126"	26	3	2
"4127"	727	311	4551
"4128"	37	1231	28
"4129"	2837	74	1423
"4130"	0	119	0
"4131"	701	0	1034
"4132"	11	46	15
"4133"	0	660	0
"4134"	0	3	0
"4135"	7	9	102
"4136"	8991	29	90
"4137"	228	2	0
"4138"	239	1	24
"4139"	0	0	0
"4140"	2	60	8
"4141"	0	749	0
"4142"	2	8	6
"4143"	13	1545	32
"4144"	0	70	0
"4145"	325	14	20
"4146"	40	121	184
"4147"	0	0	0
"4148"	0	14	0
"4149"	405	721	15401
"4150"	0	0	0
"4151"	0	23	0
"4152"	0	1483	9
"4153"	3	27	0
"4154"	0	87	0
"4155"	125	5	209
"4156"	40	47	26
"4157"	0	289	0
"4158"	10	1013	0
"4159"	0	938	0
"4160"	0	64	0
"4161"	23	2	137
"4162"	141	970	351
"4163"	116	16	3
"4164"	930	1144	1608
"4165"	5	54	164
"4166"	277	2828	112
"4167"	654	7	60
"4168"	23	89	38
"4169"	0	153	0
"4170"	0	8	0
"4171"	22	0	125
"4172"	0	0	0
"4173"	46	45	13
"4174"	0	13	3
"4175"	0	56	0
"4176"	6	9	9
"4177"	0	366	0
"4178"	0	10	3
"4179"	0	20	0
"4180"	102	144	182
"4181"	20	69	62
"4182"	45	1248	25
"4183"	0	7	0
"4184"	0	44	0
"4185"	794	696	506
"4186"	95	777	119
"4187"	45	14	4
"4188"	33	54	19
"4189"	984	34	81
"4190"	32	29	56
"4191"	0	105	0
"4192"	0	7	0
"4193"	2	17	0
"4194"	229	0	15
"4195"	104	25	121
"4196"	0	3	0
"4197"	0	428	0
"4198"	23	0	31
"4199"	0	92	2
"4200"	0	0	0
"4201"	3076	60	1779
"4202"	4	51	50
"4203"	25	35	48
"4204"	33	24	17
"4205"	10	69	3
"4206"	341	150	5495
"4207"	0	13	0
"4208"	0	42	16
"4209"	33	36	66
"4210"	177	0	0
"4211"	0	986	0
"4212"	121	3	2
"4213"	0	5	15
"4214"	0	100	0
"4215"	590	698	166
"4216"	8	44	9
"4217"	0	263	8
"4218"	0	0	0
"4219"	0	9	0
"4220"	0	120	0
"4221"	0	83	13
"4222"	0	42	0
"4223"	147	6	1027
"4224"	720	1389	2684
"4225"	15	9	9
"4226"	75	27	20
"4227"	5708	272	1654
"4228"	0	153	0
"4229"	12	1018	18
"4230"	11	6037	32
"4231"	134	1	5
"4232"	47	16	45
"4233"	35	4	0
"4234"	4	282	4
"4235"	14	45	37
"4236"	349	285	358
"4237"	26	1998	20
"4238"	250	583	80
"4239"	43	10	55
"4240"	8	33	57
"4241"	0	59	0
"4242"	0	97	0
"4243"	108	7	120
"4244"	113	1	40
"4245"	0	110	0
"4246"	9	3	57
"4247"	0	18	66
"4248"	9	45	12
"4249"	2	202	5
"4250"	6325	223	5363
"4251"	2	30	0
"4252"	9	47	6
"4253"	11	0	394
"4254"	5	17	166
"4255"	4914	1950	3721
"4256"	0	22	0
"4257"	0	157	0
"4258"	0	35	0
"4259"	5	7	39
"4260"	45	29	68
"4261"	107	182	197
"4262"	47	50	3074
"4263"	0	9	0
"4264"	546	101	177
"4265"	56	0	3
"4266"	0	132	0
"4267"	14	312	38
"4268"	0	540	0
"4269"	0	136	0
"4270"	0	16	0
"4271"	0	7040	0
"4272"	127	237	197
"4273"	0	46	0
"4274"	14	108	17
"4275"	0	160	0
"4276"	0	2	0
"4277"	0	3095	0
"4278"	55	108	81
"4279"	159	1941	179
"4280"	46	181	101
"4281"	0	59	0
"4282"	0	80	6
"4283"	104	760	69
"4284"	83	128	120
"4285"	400	0	12
"4286"	0	396	0
"4287"	0	0	4
"4288"	15	16	23
"4289"	206	116	136
"4290"	90	18	32
"4291"	0	174	0
"4292"	0	1453	0
"4293"	0	0	0
"4294"	17	199	68
"4295"	0	156	0
"4296"	0	0	388
"4297"	19	735	190
"4298"	0	0	0
"4299"	2	0	106
"4300"	0	0	0
"4301"	7	0	624
"4302"	0	259	0
"4303"	23	226	22
"4304"	31	146	54
"4305"	149	54	653
"4306"	559	21	357
"4307"	2	36	31
"4308"	112	0	17
"4309"	5	225	17
"4310"	0	0	2
"4311"	0	53	0
"4312"	0	733	3
"4313"	111	1098	6
"4314"	12	975	121
"4315"	0	8	0
"4316"	0	86	0
"4317"	0	152	12
"4318"	395	14307	892
"4319"	0	716	0
"4320"	0	129	9
"4321"	0	0	169
"4322"	0	138	0
"4323"	179	112	47
"4324"	7	821	109
"4325"	2	23	0
"4326"	43	30	39
"4327"	16	109	16
"4328"	140	29	38
"4329"	0	88	0
"4330"	13690	86	2528
"4331"	0	0	0
"4332"	3	3	3
"4333"	0	28	0
"4334"	0	10	0
"4335"	0	77	0
"4336"	0	0	0
"4337"	11	31	14
"4338"	0	754	0
"4339"	21	218	124
"4340"	4332	4235	719
"4341"	279	0	10
"4342"	11	74	13
"4343"	4	41	9
"4344"	127	80	28
"4345"	12	96	0
"4346"	71	2001	71
"4347"	0	2	0
"4348"	40	134	57
"4349"	0	6	5
"4350"	0	92	4
"4351"	3	66	12
"4352"	0	27	0
"4353"	227	35	76
"4354"	0	114	0
"4355"	0	14	0
"4356"	0	126	0
"4357"	0	247	0
"4358"	0	0	0
"4359"	0	16	0
"4360"	0	59	0
"4361"	0	130	3
"4362"	0	40	4
"4363"	600	3	759
"4364"	78	85	11
"4365"	0	16	21
"4366"	23	13	60
"4367"	15328	457	1363
"4368"	0	1	31
"4369"	0	817	0
"4370"	1274	0	9
"4371"	0	586	0
"4372"	1568	62	1830
"4373"	302	40	390
"4374"	1016	202	1072
"4375"	56	51	40
"4376"	0	282	0
"4377"	0	7	0
"4378"	0	0	154
"4379"	71	20	67
"4380"	0	424	0
"4381"	2652	28	1648
"4382"	349	57	722
"4383"	0	155	0
"4384"	3	0	55
"4385"	9	1560	48
"4386"	571	30	36
"4387"	392	355	594
"4388"	0	4	0
"4389"	197	15	123
"4390"	29	834	57
"4391"	12	34	30
"4392"	0	163	0
"4393"	15	175	10
"4394"	225	309	37
"4395"	17	331	17
"4396"	34	174	26
"4397"	58	67	170
"4398"	37	7	31
"4399"	41	6	85
"4400"	721	69	2334
"4401"	2	254	0
"4402"	0	60	0
"4403"	37	56	30
"4404"	75	8	54
"4405"	23	86	10
"4406"	28	4	31
"4407"	3	586	16
"4408"	34	64	7
"4409"	14	51	17
"4410"	0	453	0
"4411"	0	0	0
"4412"	4	139	13
"4413"	0	72	0
"4414"	2031	254	678
"4415"	74	141	102
"4416"	0	221	0
"4417"	0	430	0
"4418"	171	0	7
"4419"	25	186	130
"4420"	0	2	0
"4421"	4	61	8
"4422"	36	1924	136
"4423"	65	257	7691
"4424"	0	335	18
"4425"	314	29	2686
"4426"	0	268	3
"4427"	2751	329	3518
"4428"	6	70	12
"4429"	0	2	0
"4430"	20	13	198
"4431"	0	85	0
"4432"	0	299	15
"4433"	28	13	178
"4434"	0	4	4
"4435"	243	0	0
"4436"	48	38	101
"4437"	8	10	23
"4438"	0	595	0
"4439"	889	21	25
"4440"	0	66	0
"4441"	0	178	0
"4442"	16	47	46
"4443"	0	82	0
"4444"	0	185	0
"4445"	4	5279	4
"4446"	0	454	0
"4447"	21	54	26
"4448"	7	23	67
"4449"	12	605	30
"4450"	401	30	9
"4451"	0	168	0
"4452"	0	0	0
"4453"	119	23184	193
"4454"	0	20	24
"4455"	0	3471	4
"4456"	178	278	231
"4457"	229	930	77
"4458"	71	58	154
"4459"	0	357	67
"4460"	7	34	3
"4461"	406	21152	103
"4462"	0	0	0
"4463"	0	296	0
"4464"	26	27	33
"4465"	437	547	1469
"4466"	116	296	201
"4467"	20	14	45
"4468"	35	67	29
"4469"	12	150	0
"4470"	8	208	22
"4471"	13	0	0
"4472"	3	596	12
"4473"	0	200	0
"4474"	9	69	6
"4475"	0	47	0
"4476"	15	108	35
"4477"	15	13	0
"4478"	0	0	0
"4479"	18	86	20
"4480"	19	14	30
"4481"	20	92	2
"4482"	0	5	0
"4483"	4	66	2
"4484"	4	0	12
"4485"	0	0	429
"4486"	0	193	0
"4487"	0	10	0
"4488"	0	97	29
"4489"	2385	8	1068
"4490"	0	0	0
"4491"	2	219	4
"4492"	146	370	39
"4493"	31	37	46
"4494"	2281	10	66
"4495"	131	234	41
"4496"	0	6	25
"4497"	53	60	0
"4498"	23	4	13
"4499"	0	2	16
"4500"	11	439	11
"4501"	0	126	0
"4502"	16	160	5
"4503"	0	252	0
"4504"	0	293	0
"4505"	2090	23	3387
"4506"	0	1293	0
"4507"	0	21	0
"4508"	62	37	15
"4509"	0	0	0
"4510"	650	31	42
"4511"	0	3	0
"4512"	19	35	48
"4513"	74	84	19
"4514"	0	33	0
"4515"	39	54	106
"4516"	0	122	0
"4517"	75	383	35
"4518"	12	15	8
"4519"	421	22	4
"4520"	0	69	0
"4521"	766	198	3088
"4522"	3331	261	2557
"4523"	8	137	20
"4524"	697	159	536
"4525"	90	13	129
"4526"	58	15	62
"4527"	0	10	0
"4528"	0	29	10
"4529"	0	0	0
"4530"	24	42	50
"4531"	2871	356	348
"4532"	3	510	5
"4533"	2	110	48
"4534"	35	9	50
"4535"	0	0	0
"4536"	28	29	63
"4537"	0	0	0
"4538"	0	43	0
"4539"	3	29	0
"4540"	0	84	0
"4541"	25	68	51
"4542"	0	19	4
"4543"	1211	18	611
"4544"	1621	464	334
"4545"	71	3	314
"4546"	5	14	17
"4547"	0	0	0
"4548"	2315	86	9596
"4549"	271	110	103
"4550"	8	13	3
"4551"	21	0	0
"4552"	186	10	19
"4553"	1937	824	5452
"4554"	265	6	23
"4555"	152	11	41
"4556"	0	0	4917
"4557"	0	27	0
"4558"	0	1302	0
"4559"	6785	41	787
"4560"	96	16	10
"4561"	15	13	242
"4562"	0	0	0
"4563"	211	740	502
"4564"	1	8	2
"4565"	130	170	102
"4566"	30	25	16
"4567"	0	199	0
"4568"	8	90	10
"4569"	23	22	7
"4570"	11	129	78
"4571"	48	198	98
"4572"	0	0	0
"4573"	14	1510	28
"4574"	136	0	0
"4575"	302	530	794
"4576"	3	36	4
"4577"	0	107	0
"4578"	29	32	0
"4579"	41	157	14
"4580"	76	8275	11
"4581"	26	32	13
"4582"	0	2230	0
"4583"	0	0	0
"4584"	0	29	0
"4585"	8	326	5
"4586"	68	306	391
"4587"	14	247	68
"4588"	0	380	0
"4589"	3609	7734	3469
"4590"	2339	46	19856
"4591"	2531	172	559
"4592"	3	1196	10
"4593"	20	6	114
"4594"	0	223	0
"4595"	10	3	1
"4596"	15	44	0
"4597"	6	19	36
"4598"	55	22	25
"4599"	14	23	13
"4600"	48	5	97
"4601"	21	710	13
"4602"	37	1117	42
"4603"	0	113	0
"4604"	0	270	2
"4605"	129	4	55
"4606"	0	353	4
"4607"	349	132	581
"4608"	15	9017	55
"4609"	768	2764	594
"4610"	7	37	7
"4611"	43	17	28
"4612"	0	0	0
"4613"	82	826	489
"4614"	39	99	2
"4615"	57	1	26
"4616"	2	74	0
"4617"	0	123	2
"4618"	0	73	0
"4619"	0	51	0
"4620"	0	114	0
"4621"	0	51	0
"4622"	764	1382	922
"4623"	0	0	0
"4624"	2	0	0
"4625"	31	1	149
"4626"	2	13	0
"4627"	7886	3567	1598
"4628"	1457	452	647
"4629"	0	5	0
"4630"	0	20173	424
"4631"	115	1	21
"4632"	26	6	70
"4633"	113	58	151
"4634"	22	0	70
"4635"	14	217	0
"4636"	4	109	5
"4637"	0	390	0
"4638"	0	365	0
"4639"	15	0	145
"4640"	0	4228	0
"4641"	0	0	0
"4642"	0	5	4
"4643"	18	31	10
"4644"	28	10	5
"4645"	0	18	0
"4646"	0	0	0
"4647"	0	331	0
"4648"	0	166	0
"4649"	4	130	4
"4650"	75	28	5476
"4651"	63	26	305
"4652"	2	7	9
"4653"	32	35	23
"4654"	0	16	0
"4655"	0	13	0
"4656"	68	134	13
"4657"	11	461	10
"4658"	150	316	253
"4659"	18	18	0
"4660"	0	232	12
"4661"	521	86	46
"4662"	791	0	28
"4663"	0	20	0
"4664"	67	42	178
"4665"	281	313	909
"4666"	79	70	130
"4667"	0	2610	0
"4668"	0	8	0
"4669"	2	8	0
"4670"	62	41	35
"4671"	2	5	6
"4672"	158	6	189
"4673"	1489	305	270
"4674"	572	3	16
"4675"	4	196	7
"4676"	107	1	0
"4677"	5	306	4
"4678"	3	77	7
"4679"	15	84	27
"4680"	0	0	0
"4681"	0	560	0
"4682"	22	12	27
"4683"	2	0	0
"4684"	4	24	15
"4685"	0	0	88
"4686"	9	335	12
"4687"	2	1053	26
"4688"	114	0	22
"4689"	0	230	0
"4690"	1095	4877	1710
"4691"	87	50	122
"4692"	40	196	3082
"4693"	1809	15	98
"4694"	0	30	6
"4695"	32	8214	17
"4696"	74	84	22
"4697"	0	2	0
"4698"	24	4648	83
"4699"	12	6852	205
"4700"	0	55	0
"4701"	2	8	0
"4702"	2	0	0
"4703"	0	902	0
"4704"	21	38	68
"4705"	69	1257	284
"4706"	0	50	4
"4707"	0	0	0
"4708"	16773	1066	32171
"4709"	0	179	0
"4710"	155	0	227
"4711"	0	142	0
"4712"	0	107	2
"4713"	0	2409	0
"4714"	36	1619	34
"4715"	0	18	0
"4716"	0	145	4
"4717"	0	43	0
"4718"	34	15	773
"4719"	0	582	0
"4720"	0	0	0
"4721"	0	0	0
"4722"	0	515	2
"4723"	25	23	9
"4724"	0	1686	0
"4725"	0	59	0
"4726"	32	10	70
"4727"	0	6	0
"4728"	2	10	8
"4729"	12	634	9
"4730"	21	1739	38
"4731"	0	13	0
"4732"	341	749	1300
"4733"	0	75	0
"4734"	4	47	4
"4735"	43	14	13
"4736"	233	166	2298
"4737"	27	16	55
"4738"	0	2	0
"4739"	82	1	16
"4740"	3	62	0
"4741"	4	16	40
"4742"	1	136	3
"4743"	237	27	33
"4744"	0	270	0
"4745"	12	3841	25
"4746"	0	2432	82
"4747"	56	24	57
"4748"	15	39	8
"4749"	0	267	0
"4750"	2	437	7
"4751"	9	14	25
"4752"	118	5	11
"4753"	0	5805	0
"4754"	1	11	3
"4755"	94	6	622
"4756"	11345	1732	5398
"4757"	253	85	315
"4758"	0	60	2
"4759"	0	0	0
"4760"	0	875	0
"4761"	0	24	0
"4762"	9	26	0
"4763"	271	201	462
"4764"	0	22846	0
"4765"	0	109	2
"4766"	13	31	23
"4767"	0	4	0
"4768"	102	191	211
"4769"	7	30	0
"4770"	0	20	8
"4771"	62	30	71
"4772"	3	33	17
"4773"	9	103	7
"4774"	0	244	0
"4775"	76	70	72
"4776"	0	14	22
"4777"	0	2	0
"4778"	3	0	0
"4779"	9	49	26
"4780"	0	0	0
"4781"	0	32	0
"4782"	0	0	0
"4783"	32	154	86
"4784"	124	0	41
"4785"	0	0	14
"4786"	19	2665	62
"4787"	0	8	0
"4788"	11	2	38
"4789"	28	95	5
"4790"	2	2	528
"4791"	97	7	0
"4792"	148	4	2
"4793"	0	131	0
"4794"	0	38	0
"4795"	216	105	380
"4796"	0	2	156
"4797"	37	58	128
"4798"	2820	4888	4507
"4799"	0	3991	0
"4800"	0	433	0
"4801"	5	321	0
"4802"	0	0	0
"4803"	3	96	5
"4804"	1537	9192	165
"4805"	0	0	0
"4806"	36	1942	91
"4807"	229	30	11028
"4808"	0	63	0
"4809"	0	0	540
"4810"	34	1722	11
"4811"	0	461	12
"4812"	0	14	0
"4813"	2	5	11
"4814"	0	2	0
"4815"	113	35	19
"4816"	75	21	2
"4817"	6217	307	1554
"4818"	27	41	5
"4819"	876	187	203
"4820"	2173	1500	631
"4821"	9	21	0
"4822"	18	9	45
"4823"	0	305	0
"4824"	161	364	209
"4825"	4807	1226	5853
"4826"	0	0	0
"4827"	0	256	0
"4828"	346	286	1338
"4829"	0	117	0
"4830"	4	12	17
"4831"	13	51	112
"4832"	0	254	0
"4833"	0	109	4
"4834"	20	105	22
"4835"	0	316	0
"4836"	0	2	0
"4837"	0	344	0
"4838"	0	747	0
"4839"	234	3	35
"4840"	23	3	2
"4841"	115	373	169
"4842"	202	336	270
"4843"	4603	67	1064
"4844"	0	86	81
"4845"	7	9	7
"4846"	1273	563	2933
"4847"	2	6	0
"4848"	0	0	0
"4849"	29	14	1
"4850"	0	30276	0
"4851"	0	59	4
"4852"	1392	48	56
"4853"	0	48	60
"4854"	491	22	1028
"4855"	20	7	45
"4856"	187	754	496
"4857"	24	699	68
"4858"	9	84	16
"4859"	246	296	835
"4860"	25	7	270
"4861"	0	7	9
"4862"	20	56	53
"4863"	131	0	2
"4864"	0	1435	0
"4865"	0	3	0
"4866"	430	176	42
"4867"	233	0	0
"4868"	0	139	0
"4869"	781	34	5427
"4870"	29	89	45
"4871"	36	2	6
"4872"	0	100	0
"4873"	4	34	59
"4874"	20	50	9
"4875"	0	26	14
"4876"	14	157	354
"4877"	107	1	2
"4878"	0	110	0
"4879"	407	855	1258
"4880"	0	23	0
"4881"	275	15	22
"4882"	0	1390	0
"4883"	0	7	0
"4884"	0	7143	32
"4885"	0	313	0
"4886"	123	111	1060
"4887"	207	306	542
"4888"	47	1286	52
"4889"	17	3	12
"4890"	0	28	0
"4891"	345	128	1362
"4892"	55	111	2
"4893"	51	58	31
"4894"	400	903	621
"4895"	22	40	33
"4896"	85	21	1785
"4897"	4	10	3
"4898"	11	4	23
"4899"	17	439	28
"4900"	0	136	0
"4901"	2147	25	2110
"4902"	83	34	79
"4903"	0	140	0
"4904"	4804	20	10
"4905"	0	84	0
"4906"	15	2	17
"4907"	0	0	0
"4908"	0	366	0
"4909"	9	384	14
"4910"	107	62	170
"4911"	0	405	0
"4912"	13	50	4
"4913"	0	297	0
"4914"	643	1040	1136
"4915"	256	60	52
"4916"	195	41	24
"4917"	30	17	208
"4918"	10	54	24
"4919"	87	878	206
"4920"	81	39	123
"4921"	1314	28	90
"4922"	135	51	153
"4923"	10	1496	28
"4924"	7	8	5
"4925"	14	95	12
"4926"	0	188	0
"4927"	13	57	18
"4928"	235	2525	282
"4929"	212	680	138
"4930"	0	0	5
"4931"	55	391	85
"4932"	0	181	0
"4933"	0	0	561
"4934"	216	11069	115
"4935"	0	6	0
"4936"	11	70	50
"4937"	153	4972	244
"4938"	2	40	1
"4939"	0	117	0
"4940"	0	23	0
"4941"	2917	96	1670
"4942"	22	78	6
"4943"	19	13	78
"4944"	1573	11	32
"4945"	0	0	0
"4946"	2	71	4
"4947"	0	26	0
"4948"	0	18	7
"4949"	88	0	17
"4950"	0	110	0
"4951"	0	1116	0
"4952"	95	20	52
"4953"	63	5	38
"4954"	0	2	75
"4955"	1007	13	6179
"4956"	0	71	0
"4957"	0	0	19
"4958"	194	57	38
"4959"	76	38	54
"4960"	0	5894	0
"4961"	0	9	0
"4962"	444	751	529
"4963"	0	7	181
"4964"	2	8	665
"4965"	0	652	0
"4966"	39	245	57
"4967"	2	542	11
"4968"	4355	834	22457
"4969"	89	74	25
"4970"	0	88	2
"4971"	450	77	2698
"4972"	0	258	2
"4973"	20	19	141
"4974"	11	667	31
"4975"	0	0	0
"4976"	12	88	43
"4977"	19	16	13
"4978"	0	16	0
"4979"	4	54	29
"4980"	114	233	266
"4981"	4	0	3
"4982"	3	74	7
"4983"	756	1736	68
"4984"	0	44	0
"4985"	0	0	0
"4986"	77	39	10
"4987"	100	630	275
"4988"	759	68	105
"4989"	13	6	9
"4990"	380	0	152
"4991"	334	240	528
"4992"	0	127	0
"4993"	21	17	8
"4994"	12	85	161
"4995"	0	94	0
"4996"	6	2	212
"4997"	463	22	275
"4998"	36	10	52
"4999"	0	98	0
"5000"	20	0	9
"5001"	1	17	69
"5002"	0	310	0
"5003"	19	3175	39
"5004"	24	66	67
"5005"	52	644	127
"5006"	2	188	0
"5007"	43	191	38
"5008"	0	23	0
"5009"	0	183	0
"5010"	2	49	2
"5011"	0	102	0
"5012"	0	77	0
"5013"	6	192	45
"5014"	47	35	19
"5015"	22	32	62
"5016"	0	0	5
"5017"	2615	24	0
"5018"	0	5	286
"5019"	0	470	0
"5020"	0	10	3
"5021"	106	3	33
"5022"	22	24	85
"5023"	50	31	6
"5024"	434	10	25
"5025"	107	9	8
"5026"	81	454	227
"5027"	108	112	160
"5028"	20	40	86
"5029"	4	20	0
"5030"	0	67	0
"5031"	55	59	99
"5032"	12	1	132
"5033"	0	0	0
"5034"	2256	60	173
"5035"	0	6892	0
"5036"	9	165	10
"5037"	40	101	30
"5038"	179	627	313
"5039"	66	5750	143
"5040"	2	55	4
"5041"	0	0	0
"5042"	27	225	15
"5043"	0	263	4
"5044"	0	0	0
"5045"	17	0	0
"5046"	0	450	0
"5047"	189	5323	185
"5048"	20	35	29
"5049"	0	25	17
"5050"	0	232	0
"5051"	35	42	43
"5052"	1	4	3
"5053"	3	39	2
"5054"	0	817	0
"5055"	0	140	6
"5056"	0	148	0
"5057"	127	9	109
"5058"	0	42	0
"5059"	2	43	0
"5060"	0	0	0
"5061"	14	471	4
"5062"	21	89	13
"5063"	0	2230	0
"5064"	0	3711	0
"5065"	37	201	12
"5066"	62	97	113
"5067"	221	4	133
"5068"	76	2413	82
"5069"	0	47	0
"5070"	748	54	255
"5071"	36	4	4
"5072"	62893	1399	9131
"5073"	0	0	0
"5074"	25	72	14
"5075"	32	99	42
"5076"	0	15000	0
"5077"	16	120	4
"5078"	2204	18	807
"5079"	621	14583	1142
"5080"	13	116	22
"5081"	16	166	35
"5082"	0	0	0
"5083"	66	6	20
"5084"	0	463	3
"5085"	103	57	1199
"5086"	6	77	2
"5087"	0	27	0
"5088"	10	45	10
"5089"	0	99	0
"5090"	3607	0	25
"5091"	12	217	4
"5092"	0	108	0
"5093"	6	2	27
"5094"	31	32	493
"5095"	36	55	233
"5096"	55	46	14
"5097"	28	23	47
"5098"	47	153	1488
"5099"	306	926	47
"5100"	124	4	4
"5101"	22	37	32
"5102"	0	101	0
"5103"	0	61	2
"5104"	84	56	175
"5105"	0	497	0
"5106"	0	2450	40
"5107"	43	112	6
"5108"	0	7	0
"5109"	314	5	223
"5110"	16	15	120
"5111"	0	21	0
"5112"	0	8	0
"5113"	0	677	0
"5114"	0	3	0
"5115"	29	55	34
"5116"	58	3	33
"5117"	0	0	0
"5118"	13	0	13
"5119"	20	18	22
"5120"	29	176	0
"5121"	613	859	700
"5122"	39	13	27
"5123"	0	1522	8
"5124"	35	2695	11
"5125"	20	9139	93
"5126"	0	608	4
"5127"	57	20623	121
"5128"	0	420	0
"5129"	0	495	4
"5130"	2004	14	0
"5131"	0	3	0
"5132"	0	182	0
"5133"	446	159	135
"5134"	61	75	453
"5135"	0	16	361
"5136"	5	9	16
"5137"	1239	917	110
"5138"	0	343	51
"5139"	21	239	15
"5140"	0	0	3
"5141"	6	4709	7
"5142"	15	163	19
"5143"	0	2806	0
"5144"	12	28	51
"5145"	2	271	16
"5146"	0	600	3
"5147"	0	72	0
"5148"	1	6	180
"5149"	35	18	96
"5150"	0	4	26
"5151"	41	944	54
"5152"	3	0	2
"5153"	2	2	7
"5154"	0	66	0
"5155"	75	1	44
"5156"	0	52	0
"5157"	124	61	6
"5158"	15	57	21
"5159"	0	68	11
"5160"	20	456	52
"5161"	15	1	11
"5162"	0	51	0
"5163"	0	27	0
"5164"	0	126	0
"5165"	0	295	0
"5166"	0	0	0
"5167"	233	894	252
"5168"	0	0	0
"5169"	39	0	48
"5170"	0	91	0
"5171"	66	47	124
"5172"	5	5	262
"5173"	256	0	288
"5174"	11	412	4
"5175"	19	4	87
"5176"	16	139	2
"5177"	1387	416	3150
"5178"	0	0	12
"5179"	62	4	88
"5180"	0	124	0
"5181"	6	159	67
"5182"	0	165	0
"5183"	0	27	0
"5184"	0	13	0
"5185"	47	19	6
"5186"	182	31	5
"5187"	9	15	53
"5188"	0	19	10
"5189"	8	1332	45
"5190"	0	8	8
"5191"	108	44	74
"5192"	16	631	12
"5193"	0	180	0
"5194"	30	37	203
"5195"	0	350	0
"5196"	0	48	0
"5197"	12	21	0
"5198"	500	273	961
"5199"	0	152	0
"5200"	0	6990	0
"5201"	7	353	0
"5202"	21	235	43
"5203"	9	37	1
"5204"	0	0	0
"5205"	0	12	36
"5206"	0	538	0
"5207"	0	594	8
"5208"	0	0	4
"5209"	3	17	0
"5210"	6	14	2
"5211"	6	21	10
"5212"	0	2721	0
"5213"	87	0	7846
"5214"	39	102	42
"5215"	0	0	0
"5216"	46	1	131
"5217"	0	42	0
"5218"	0	101	7
"5219"	3	4	11
"5220"	9	2	9
"5221"	40	229	163
"5222"	0	196	0
"5223"	363	272	532
"5224"	1761	141	451
"5225"	0	11	0
"5226"	0	649	52
"5227"	6	107	17
"5228"	0	158	0
"5229"	14	54	0
"5230"	0	146	0
"5231"	0	42	3
"5232"	9927	31	199
"5233"	0	37	0
"5234"	0	522	0
"5235"	175	304	62
"5236"	0	0	0
"5237"	21	414	1
"5238"	114	43	570
"5239"	890	1	87
"5240"	2988	104	4476
"5241"	119	4620	141
"5242"	563	0	5
"5243"	0	15	0
"5244"	27	7	136
"5245"	0	14	0
"5246"	57	0	35
"5247"	0	0	0
"5248"	14	13	179
"5249"	0	99	0
"5250"	0	0	3
"5251"	46	4	43
"5252"	2	2	7
"5253"	13	52	30
"5254"	400	182	676
"5255"	262	17	75
"5256"	5	503	18
"5257"	0	244	0
"5258"	0	542	0
"5259"	51	66	36
"5260"	238	20	141
"5261"	0	3	0
"5262"	6948	1024	7790
"5263"	3	6	15
"5264"	31	177	0
"5265"	548	5	12
"5266"	20	106	268
"5267"	5	69	9
"5268"	138	204	2250
"5269"	26	98	36
"5270"	0	69	0
"5271"	3	97	0
"5272"	231	3	783
"5273"	36	194	0
"5274"	2	11	14
"5275"	0	16	0
"5276"	5	247	14
"5277"	0	132	0
"5278"	216	1061	236
"5279"	34	103	2
"5280"	0	450	0
"5281"	12	973	12
"5282"	0	169	0
"5283"	0	79	0
"5284"	7	4	21
"5285"	51	719	106
"5286"	0	36	0
"5287"	25	35	420
"5288"	15	87	9
"5289"	0	336	0
"5290"	0	92	0
"5291"	22	46	1
"5292"	187	0	2
"5293"	19	30	48
"5294"	0	56	0
"5295"	106	37	7811
"5296"	10	32	2
"5297"	18	1365	0
"5298"	28	88	226
"5299"	1404	23	145
"5300"	12	6	153
"5301"	0	104	0
"5302"	5	4564	18
"5303"	140	480	253
"5304"	16	0	0
"5305"	0	0	0
"5306"	49	67	52
"5307"	0	4	0
"5308"	2740	89	1262
"5309"	4	419	0
"5310"	0	1068	0
"5311"	0	87	0
"5312"	244	15	14
"5313"	1614	3	926
"5314"	8	7	0
"5315"	0	2131	0
"5316"	30	20	20
"5317"	32	142	10
"5318"	0	7	0
"5319"	18	406	47
"5320"	0	211	0
"5321"	70	35	81
"5322"	0	136	0
"5323"	47	37	27
"5324"	10	0	34
"5325"	89	16	102
"5326"	5	1748	32
"5327"	78	14	79
"5328"	55	151	51
"5329"	2	180	0
"5330"	33	6	35
"5331"	0	35	0
"5332"	15	60	14
"5333"	12	48	46
"5334"	135	861	486
"5335"	400	77	309
"5336"	800	2085	141
"5337"	0	23	0
"5338"	0	311	0
"5339"	60	3	11
"5340"	0	18	7
"5341"	1823	5	31
"5342"	4	28	15
"5343"	25	5	0
"5344"	210	2	52
"5345"	1	10	0
"5346"	62	11	0
"5347"	72	0	318
"5348"	0	66	13
"5349"	0	2626	0
"5350"	0	11	0
"5351"	0	0	0
"5352"	2932	19	94
"5353"	0	47	0
"5354"	0	77	0
"5355"	0	201	0
"5356"	0	22	103
"5357"	83	81	137
"5358"	2	79	8
"5359"	242	20	276
"5360"	488	48	3127
"5361"	143	326	12
"5362"	179	932	131
"5363"	0	9	0
"5364"	0	0	0
"5365"	16	30	46
"5366"	7	2	0
"5367"	15	104	9
"5368"	54	6	7
"5369"	29	95	66
"5370"	7	51	1192
"5371"	0	5	0
"5372"	171	0	0
"5373"	0	6	0
"5374"	17	27	13
"5375"	0	89	0
"5376"	0	1	3
"5377"	0	0	0
"5378"	0	284	0
"5379"	1	85	8
"5380"	5	550	13
"5381"	4	1091	12
"5382"	0	38	0
"5383"	170	2157	285
"5384"	0	33	3
"5385"	3486	58	633
"5386"	32	2552	1217
"5387"	33	2505	40
"5388"	15	25	5
"5389"	0	5	0
"5390"	35	2	14
"5391"	16	7	7
"5392"	0	221	0
"5393"	30	9	22
"5394"	0	10903	0
"5395"	2	36	6
"5396"	0	8	0
"5397"	108	40	245
"5398"	28	39	10
"5399"	0	63	21
"5400"	83	96	83
"5401"	7	77	328
"5402"	891	3	150
"5403"	46	28	24
"5404"	14	13	37
"5405"	4	3	29
"5406"	0	21	0
"5407"	16	178	2
"5408"	23	1252	60
"5409"	0	135	0
"5410"	67	0	47
"5411"	0	0	0
"5412"	3	46	40
"5413"	2395	155	585
"5414"	0	1141	0
"5415"	3820	18	2970
"5416"	13	12	663
"5417"	10	178	0
"5418"	0	5	0
"5419"	47	17	29
"5420"	0	12	0
"5421"	8	13	18
"5422"	0	3	0
"5423"	714	431	462
"5424"	2	8	143
"5425"	0	0	15730
"5426"	0	37	0
"5427"	28	226	655
"5428"	4	12	9
"5429"	56	13	13
"5430"	32	191	56
"5431"	843	291	210
"5432"	0	271	0
"5433"	127	38	80
"5434"	3	237	5
"5435"	77	42	4876
"5436"	0	1173	0
"5437"	0	96	0
"5438"	88	0	2803
"5439"	6	208	183
"5440"	10	4	99
"5441"	0	119	4
"5442"	609	456	297
"5443"	11	1894	481
"5444"	24	432	119
"5445"	7	126	27
"5446"	170	238	122
"5447"	0	25	0
"5448"	71	380	24
"5449"	6	38	2
"5450"	0	78	4
"5451"	0	218	0
"5452"	8	195	16
"5453"	0	56	0
"5454"	71	8502	214
"5455"	0	134	0
"5456"	0	61	0
"5457"	1917	44	135
"5458"	22	139	1016
"5459"	48	90	45
"5460"	0	8	0
"5461"	102	4	259
"5462"	49	40	89
"5463"	883	36	1082
"5464"	0	309	0
"5465"	20	216	822
"5466"	97	0	0
"5467"	0	151	0
"5468"	246	197	434
"5469"	0	142	0
"5470"	17286	11	927
"5471"	0	56	0
"5472"	85	27	36
"5473"	0	1486	0
"5474"	254	199	454
"5475"	0	94	8
"5476"	89	115	107
"5477"	0	1475	0
"5478"	27	0	2
"5479"	0	46	0
"5480"	15	731	22
"5481"	0	0	0
"5482"	483	225	72
"5483"	0	40	0
"5484"	57	239	94
"5485"	20	42	13
"5486"	35	13	101
"5487"	133	258	209
"5488"	6	14	11
"5489"	102	86	50
"5490"	55	24	61
"5491"	66	0	99
"5492"	20	26	47
"5493"	423	37	30
"5494"	34	61	35
"5495"	92	6689	26
"5496"	0	158	0
"5497"	0	29	0
"5498"	0	4	0
"5499"	121	6	42
"5500"	5	466	6
"5501"	0	45	0
"5502"	77	53	46
"5503"	0	4549	0
"5504"	16	4036	26
"5505"	564	903	7996
"5506"	2	3	91
"5507"	2	165	22
"5508"	0	11	0
"5509"	0	5	0
"5510"	108	151	92
"5511"	0	3661	28
"5512"	0	28	0
"5513"	0	19	16
"5514"	0	109	0
"5515"	90	1276	3
"5516"	157	2068	97
"5517"	1383	20	140
"5518"	11	0	2
"5519"	46	2643	59
"5520"	7	31	80
"5521"	0	0	0
"5522"	987	1756	1629
"5523"	5	129	0
"5524"	23	49	92
"5525"	34	39586	371
"5526"	0	17	3
"5527"	14	24	78
"5528"	0	0	197
"5529"	297	164	228
"5530"	0	1092	0
"5531"	44	89	59
"5532"	0	19	0
"5533"	3	35	4
"5534"	10	15	0
"5535"	0	1	0
"5536"	3	25	2
"5537"	234	6	9
"5538"	0	3105	0
"5539"	26	5	131
"5540"	0	122	0
"5541"	250	221	268
"5542"	29	4832	69
"5543"	0	83	0
"5544"	63	18	67
"5545"	7	3	787
"5546"	31	0	0
"5547"	1691	1970	118
"5548"	1	66	8
"5549"	647	92	51
"5550"	0	70	0
"5551"	7	200	0
"5552"	73	0	96
"5553"	138	49	96
"5554"	548	173	11
"5555"	12	504	5
"5556"	1	39	14
"5557"	122	31677	43
"5558"	12	0	31
"5559"	204	326	609
"5560"	341	39	30
"5561"	94	71	102
"5562"	59	1400	235
"5563"	27	15	10
"5564"	0	4560	9
"5565"	0	176	4
"5566"	148	7	1
"5567"	0	103	0
"5568"	9	1911	16
"5569"	129	0	0
"5570"	100	11467	33
"5571"	9	22	2
"5572"	3	302	0
"5573"	7	22	33
"5574"	154	282	868
"5575"	40	106	612
"5576"	981	16	13
"5577"	33	2693	41
"5578"	18	7	91
"5579"	0	41	0
"5580"	17	63	6
"5581"	169	45	353
"5582"	0	2638	0
"5583"	0	79	0
"5584"	0	20	0
"5585"	91	17	210
"5586"	2	20	304
"5587"	0	217	0
"5588"	0	5	4
"5589"	9	7459	207
"5590"	0	97	0
"5591"	2369	170	5100
"5592"	109	70	63
"5593"	5	414	6
"5594"	0	3893	0
"5595"	353	14	6
"5596"	38	1515	661
"5597"	0	457	0
"5598"	0	0	0
"5599"	28	133	12
"5600"	3	31	3
"5601"	0	0	0
"5602"	0	3	4
"5603"	6	17	66
"5604"	0	189	3
"5605"	0	0	10
"5606"	28	12	5
"5607"	40	17	55
"5608"	0	23	0
"5609"	479	13	20
"5610"	24	4192	58
"5611"	0	76	0
"5612"	19	42	0
"5613"	137	6	41
"5614"	103	2	99
"5615"	5	1032	0
"5616"	0	114	0
"5617"	2	191	8
"5618"	0	150	0
"5619"	116	149	361
"5620"	22	19631	21
"5621"	35	268	167
"5622"	244	470	357
"5623"	762	642	404
"5624"	0	44	0
"5625"	2088	701	2718
"5626"	119	39	87
"5627"	0	14706	0
"5628"	481	32	106
"5629"	100	2052	81
"5630"	14	25	52
"5631"	16	2253	20
"5632"	55	399	18
"5633"	171	232	51
"5634"	0	126	0
"5635"	165	283	204
"5636"	0	35	0
"5637"	1508	73	141
"5638"	818	1536	1609
"5639"	0	404	0
"5640"	16	0	2
"5641"	0	100	21
"5642"	0	174	0
"5643"	0	0	0
"5644"	1	2	5
"5645"	3	379	12
"5646"	73	8947	82
"5647"	0	2	0
"5648"	0	38	0
"5649"	0	52	0
"5650"	0	48	0
"5651"	2	7	2
"5652"	43	849	99
"5653"	432	81	66
"5654"	0	314	0
"5655"	92	19566	236
"5656"	3	30	2
"5657"	0	0	0
"5658"	12	1147	4
"5659"	19	42	47
"5660"	5812	1147	17481
"5661"	0	0	0
"5662"	0	25	0
"5663"	1628	805	1245
"5664"	0	2971	0
"5665"	3	231	9
"5666"	6	319	0
"5667"	188	4	912
"5668"	0	0	0
"5669"	3	199	4
"5670"	0	2	0
"5671"	12	4542	172
"5672"	0	172	0
"5673"	181	195	277
"5674"	33	1867	16
"5675"	40	54	43
"5676"	5	469	2
"5677"	9	0	0
"5678"	136	224	63
"5679"	9	62	72
"5680"	3	6	0
"5681"	93	168	123
"5682"	24	57	70
"5683"	88	2	130
"5684"	7	1790	21
"5685"	0	1	0
"5686"	0	4	0
"5687"	0	32	0
"5688"	9	1880	13
"5689"	0	21	0
"5690"	0	1010	0
"5691"	3507	632	174
"5692"	9	66	6
"5693"	137	0	16
"5694"	14	14	12
"5695"	10	6	138
"5696"	15	885	14
"5697"	0	30	3
"5698"	28	62	62
"5699"	0	33	0
"5700"	58	2584	563
"5701"	0	109	0
"5702"	171	6	235
"5703"	9	35	5
"5704"	0	0	9
"5705"	23	25	62
"5706"	10	210	3
"5707"	27	543	704
"5708"	347	2	9
"5709"	430	83	217
"5710"	10	125	403
"5711"	6	60	40
"5712"	8	60	12
"5713"	19	6030	65
"5714"	33	229	706
"5715"	0	0	0
"5716"	16	0	73
"5717"	134	59	148
"5718"	0	0	0
"5719"	97	1814	72
"5720"	0	39	0
"5721"	46	2255	7
"5722"	12	2	92
"5723"	1328	1538	8893
"5724"	0	1027	0
"5725"	0	14	0
"5726"	0	191	1
"5727"	19455	155	29
"5728"	150	6688	68
"5729"	0	0	67
"5730"	1738	3033	3066
"5731"	18	2	6
"5732"	5	53	0
"5733"	0	1221	0
"5734"	0	435	2
"5735"	0	53	0
"5736"	0	12121	83
"5737"	6	48	7
"5738"	0	3669	0
"5739"	0	10	3
"5740"	40	117	88
"5741"	2	1	300
"5742"	0	12	0
"5743"	13	10	28
"5744"	5	164	2
"5745"	0	0	3
"5746"	0	3	0
"5747"	0	0	0
"5748"	6	3788	48
"5749"	213	81	0
"5750"	348	4312	608
"5751"	291	1568	296
"5752"	17	13	32
"5753"	0	4	0
"5754"	70	53	130
"5755"	0	21	0
"5756"	13	265	79
"5757"	0	286	0
"5758"	25	1	33
"5759"	263	312	24
"5760"	0	150	0
"5761"	31	4028	28
"5762"	191	118	772
"5763"	0	501	0
"5764"	472	331	544
"5765"	0	429	0
"5766"	121	43	62
"5767"	118	2244	99
"5768"	8	4	63
"5769"	0	0	0
"5770"	6	415	18
"5771"	0	116	0
"5772"	0	1854	0
"5773"	2	6	2
"5774"	815	35	619
"5775"	20	171	10
"5776"	0	5	0
"5777"	0	955	0
"5778"	0	95	4
"5779"	3	122	4
"5780"	0	121	0
"5781"	0	117	0
"5782"	404	95	632
"5783"	0	48	0
"5784"	34	0	109
"5785"	50	100	103
"5786"	15	3	349
"5787"	0	11	0
"5788"	480	46	9
"5789"	0	6	45
"5790"	71	296	11
"5791"	2	227	14
"5792"	0	155	0
"5793"	230	111	1085
"5794"	0	446	0
"5795"	48	258	8
"5796"	11	799	0
"5797"	7	7	0
"5798"	794	560	195
"5799"	112	218	3255
"5800"	96	16	37
"5801"	41	533	68
"5802"	3153	1026	6587
"5803"	0	22700	37
"5804"	58	9	2
"5805"	28	497	113
"5806"	5	2232	28
"5807"	0	2	0
"5808"	69	3	14
"5809"	247	21	216
"5810"	130	1002	178
"5811"	0	56	5
"5812"	4	8	17
"5813"	1	0	141
"5814"	2	6	4
"5815"	5	830	28
"5816"	88	9	0
"5817"	0	156	2
"5818"	14	26	45
"5819"	0	226	0
"5820"	12295	82	3538
"5821"	78	241	173
"5822"	0	0	0
"5823"	55	48	20
"5824"	4	110	3
"5825"	102	782	183
"5826"	0	109	2002
"5827"	113	33	25
"5828"	0	0	0
"5829"	4	8	5
"5830"	3	336	0
"5831"	327	128	358
"5832"	222	14	135
"5833"	0	480	0
"5834"	1393	69	83
"5835"	0	20948	32
"5836"	0	152	6
"5837"	0	164	0
"5838"	15	171	115
"5839"	28	75	24
"5840"	0	10	0
"5841"	1352	2479	990
"5842"	72	36	147
"5843"	0	1532	102
"5844"	20	26	39
"5845"	0	2	12
"5846"	8	50	11
"5847"	2	22	19
"5848"	0	27	0
"5849"	7	66	0
"5850"	5	25	2
"5851"	339	1333	762
"5852"	0	96	0
"5853"	11	67	5
"5854"	4	57	0
"5855"	18	22	31
"5856"	0	109	0
"5857"	0	45	0
"5858"	0	50	5
"5859"	8	59	15
"5860"	0	5	0
"5861"	3	141	38
"5862"	38	58	56
"5863"	5	5	28
"5864"	42	24	138
"5865"	41	188	85
"5866"	0	2	0
"5867"	0	60	0
"5868"	1172	830	767
"5869"	140	28	71
"5870"	9	36	62
"5871"	1152	127	5987
"5872"	5	82	7
"5873"	0	109	0
"5874"	0	166	0
"5875"	9	271	19
"5876"	26	30	17
"5877"	0	0	109
"5878"	0	0	114
"5879"	4	0	430
"5880"	0	45	0
"5881"	1072	7712	420
"5882"	5	97	2
"5883"	0	281	0
"5884"	0	17	40
"5885"	43	113	379
"5886"	8	55	25
"5887"	26	9	317
"5888"	6	222	191
"5889"	0	0	0
"5890"	187	96	209
"5891"	28	182	456
"5892"	38	174	5
"5893"	0	132	1
"5894"	88	0	33
"5895"	838	866	23
"5896"	385	47	640
"5897"	0	146	0
"5898"	6	0	35
"5899"	174	8	26
"5900"	23	28	38
"5901"	0	0	0
"5902"	0	13	0
"5903"	51	178	63
"5904"	0	131	0
"5905"	4	144	0
"5906"	0	129	20
"5907"	3	33	0
"5908"	43	14	96
"5909"	0	72	0
"5910"	0	46	0
"5911"	12	1	0
"5912"	0	0	0
"5913"	0	52	0
"5914"	264	443	450
"5915"	0	0	0
"5916"	0	104	0
"5917"	21	6	42
"5918"	1138	26	249
"5919"	0	27	0
"5920"	0	228	0
"5921"	73	829	1477
"5922"	19	596	4
"5923"	129	8	4
"5924"	10	153	19
"5925"	543	43	164
"5926"	297	21	45
"5927"	200	190	298
"5928"	19	23	35
"5929"	3	1	0
"5930"	5	0	0
"5931"	116	2	1
"5932"	142	0	10
"5933"	0	255	0
"5934"	887	517	19220
"5935"	14	17	32
"5936"	26	68	42
"5937"	6	2	17
"5938"	2	29	7
"5939"	0	32	5
"5940"	0	0	0
"5941"	0	240	4
"5942"	4	0	0
"5943"	72	15	32
"5944"	0	33	4
